# Cross-correlation data for Figure 1 of the beta Pic b CRIRES+ paper.
# Source run: 20241021_lbl2_nlayers40_free_cloudy_chip6-20_0_see9_air14
# Columns:
#   1. rv_kms          - radial velocity grid [km/s]
#   2. ccf_snr         - CCF (best-fit template, v sin i = 19 km/s) [S/N]
#   3. acf_snr_narrow  - autocorrelation of the v sin i = 0 km/s template [S/N]
#   4. ccf_snr_h2o     - CCF using the H2O-only template (v sin i = 19 km/s) [S/N]
#   5. ccf_snr_co      - CCF using the 12CO-only template (v sin i = 19 km/s) [S/N]
-7.000000e+02  1.013820e+00 -1.963003e-01  6.763742e-01 -9.605038e-01
-6.990000e+02  1.012277e+00 -2.003704e-01  7.069182e-01 -9.605812e-01
-6.980000e+02  1.047872e+00 -1.777959e-01  7.727980e-01 -9.627419e-01
-6.970000e+02  1.101389e+00 -1.276076e-01  8.556710e-01 -9.614528e-01
-6.960000e+02  1.146564e+00 -5.544106e-02  9.325095e-01 -9.536621e-01
-6.950000e+02  1.170344e+00  3.001324e-02  9.932726e-01 -9.429561e-01
-6.940000e+02  1.181777e+00  1.247188e-01  1.046053e+00 -9.357630e-01
-6.930000e+02  1.207182e+00  2.288323e-01  1.111010e+00 -9.353017e-01
-6.920000e+02  1.267967e+00  3.358399e-01  1.203003e+00 -9.395341e-01
-6.910000e+02  1.358501e+00  4.271856e-01  1.316937e+00 -9.454974e-01
-6.900000e+02  1.454139e+00  4.746175e-01  1.434149e+00 -9.526869e-01
-6.890000e+02  1.534199e+00  4.624519e-01  1.538151e+00 -9.615902e-01
-6.880000e+02  1.596142e+00  3.968579e-01  1.627527e+00 -9.739760e-01
-6.870000e+02  1.651886e+00  3.017002e-01  1.712551e+00 -9.908383e-01
-6.860000e+02  1.709208e+00  2.015541e-01  1.802733e+00 -1.013904e+00
-6.850000e+02  1.766948e+00  1.115670e-01  1.897540e+00 -1.042288e+00
-6.840000e+02  1.827799e+00  3.899465e-02  1.993096e+00 -1.071185e+00
-6.830000e+02  1.895346e+00 -9.490999e-03  2.083563e+00 -1.093726e+00
-6.820000e+02  1.959333e+00 -2.706142e-02  2.159216e+00 -1.107833e+00
-6.810000e+02  2.002441e+00 -9.364692e-03  2.210681e+00 -1.117179e+00
-6.800000e+02  2.021551e+00  4.494308e-02  2.242217e+00 -1.126613e+00
-6.790000e+02  2.030658e+00  1.369798e-01  2.268785e+00 -1.136222e+00
-6.780000e+02  2.042124e+00  2.724628e-01  2.299969e+00 -1.142708e+00
-6.770000e+02  2.052115e+00  4.481786e-01  2.326938e+00 -1.142423e+00
-6.760000e+02  2.039696e+00  6.408164e-01  2.328326e+00 -1.134719e+00
-6.750000e+02  1.993944e+00  7.992368e-01  2.295429e+00 -1.121476e+00
-6.740000e+02  1.928337e+00  8.698926e-01  2.242548e+00 -1.104794e+00
-6.730000e+02  1.867737e+00  8.267306e-01  2.191511e+00 -1.085599e+00
-6.720000e+02  1.819248e+00  6.856499e-01  2.146807e+00 -1.061955e+00
-6.710000e+02  1.764740e+00  4.931278e-01  2.090875e+00 -1.030760e+00
-6.700000e+02  1.682638e+00  2.930721e-01  2.004010e+00 -9.914494e-01
-6.690000e+02  1.575741e+00  1.087927e-01  1.886250e+00 -9.460428e-01
-6.680000e+02  1.472027e+00 -5.539400e-02  1.759736e+00 -8.965701e-01
-6.670000e+02  1.395112e+00 -1.938668e-01  1.645743e+00 -8.417950e-01
-6.660000e+02  1.346034e+00 -2.916303e-01  1.551435e+00 -7.804075e-01
-6.650000e+02  1.312501e+00 -3.325463e-01  1.471909e+00 -7.139941e-01
-6.640000e+02  1.283248e+00 -3.147668e-01  1.398586e+00 -6.460754e-01
-6.630000e+02  1.255532e+00 -2.579380e-01  1.323280e+00 -5.794454e-01
-6.620000e+02  1.226867e+00 -1.960445e-01  1.238285e+00 -5.134969e-01
-6.610000e+02  1.199364e+00 -1.570364e-01  1.144096e+00 -4.435505e-01
-6.600000e+02  1.179334e+00 -1.501705e-01  1.050093e+00 -3.644065e-01
-6.590000e+02  1.175334e+00 -1.636535e-01  9.660722e-01 -2.746992e-01
-6.580000e+02  1.185888e+00 -1.759268e-01  8.903728e-01 -1.759587e-01
-6.570000e+02  1.194421e+00 -1.654417e-01  8.073152e-01 -7.015226e-02
-6.560000e+02  1.183657e+00 -1.243012e-01  7.019284e-01  4.337189e-02
-6.550000e+02  1.155264e+00 -6.144273e-02  5.758725e-01  1.671465e-01
-6.540000e+02  1.136196e+00 -3.182705e-03  4.509418e-01  3.029599e-01
-6.530000e+02  1.148144e+00  1.995917e-02  3.444432e-01  4.480696e-01
-6.520000e+02  1.181047e+00 -7.769550e-03  2.514058e-01  5.966623e-01
-6.510000e+02  1.200262e+00 -7.555874e-02  1.506783e-01  7.447570e-01
-6.500000e+02  1.187054e+00 -1.480681e-01  3.090441e-02  8.923557e-01
-6.490000e+02  1.154799e+00 -1.852062e-01 -1.012372e-01  1.039665e+00
-6.480000e+02  1.135481e+00 -1.630312e-01 -2.273636e-01  1.187427e+00
-6.470000e+02  1.141756e+00 -8.566442e-02 -3.382730e-01  1.335609e+00
-6.460000e+02  1.161310e+00  1.955329e-02 -4.366878e-01  1.483548e+00
-6.450000e+02  1.180232e+00  1.233054e-01 -5.265686e-01  1.627936e+00
-6.440000e+02  1.197374e+00  2.110459e-01 -6.090167e-01  1.765412e+00
-6.430000e+02  1.210806e+00  2.812989e-01 -6.884008e-01  1.893884e+00
-6.420000e+02  1.217905e+00  3.364444e-01 -7.694380e-01  2.015633e+00
-6.410000e+02  1.223178e+00  3.762144e-01 -8.477949e-01  2.132392e+00
-6.400000e+02  1.241259e+00  4.007502e-01 -9.100858e-01  2.243781e+00
-6.390000e+02  1.273776e+00  4.154269e-01 -9.517437e-01  2.346154e+00
-6.380000e+02  1.314415e+00  4.272238e-01 -9.765963e-01  2.437241e+00
-6.370000e+02  1.349024e+00  4.342420e-01 -9.945223e-01  2.516921e+00
-6.360000e+02  1.378577e+00  4.185911e-01 -1.005311e+00  2.588215e+00
-6.350000e+02  1.408809e+00  3.577758e-01 -1.006435e+00  2.653828e+00
-6.340000e+02  1.448927e+00  2.490866e-01 -9.946775e-01  2.713996e+00
-6.330000e+02  1.493049e+00  1.213873e-01 -9.741384e-01  2.764655e+00
-6.320000e+02  1.534064e+00  2.678696e-02 -9.464241e-01  2.802249e+00
-6.310000e+02  1.563809e+00  1.165273e-02 -9.142549e-01  2.826331e+00
-6.300000e+02  1.586167e+00  8.877185e-02 -8.772899e-01  2.839423e+00
-6.290000e+02  1.602892e+00  2.276670e-01 -8.386511e-01  2.843964e+00
-6.280000e+02  1.612270e+00  3.734026e-01 -7.999430e-01  2.840185e+00
-6.270000e+02  1.608090e+00  4.782859e-01 -7.605290e-01  2.826107e+00
-6.260000e+02  1.599948e+00  5.257810e-01 -7.106451e-01  2.800840e+00
-6.250000e+02  1.597577e+00  5.247919e-01 -6.451924e-01  2.765030e+00
-6.240000e+02  1.598863e+00  4.926107e-01 -5.695310e-01  2.719339e+00
-6.230000e+02  1.586857e+00  4.398575e-01 -4.968181e-01  2.665156e+00
-6.220000e+02  1.549445e+00  3.776446e-01 -4.357794e-01  2.604532e+00
-6.210000e+02  1.496286e+00  3.232839e-01 -3.815497e-01  2.540708e+00
-6.200000e+02  1.457016e+00  2.975822e-01 -3.176887e-01  2.476069e+00
-6.190000e+02  1.455211e+00  3.177677e-01 -2.310131e-01  2.412012e+00
-6.180000e+02  1.491702e+00  3.897758e-01 -1.195915e-01  2.345735e+00
-6.170000e+02  1.549573e+00  5.058084e-01  7.645391e-03  2.273411e+00
-6.160000e+02  1.610406e+00  6.445319e-01  1.375286e-01  2.193528e+00
-6.150000e+02  1.661238e+00  7.788592e-01  2.575832e-01  2.109904e+00
-6.140000e+02  1.696885e+00  8.813748e-01  3.626391e-01  2.026638e+00
-6.130000e+02  1.724703e+00  9.321445e-01  4.592481e-01  1.943716e+00
-6.120000e+02  1.759379e+00  9.181301e-01  5.601142e-01  1.856136e+00
-6.110000e+02  1.801170e+00  8.379508e-01  6.667078e-01  1.759096e+00
-6.100000e+02  1.828017e+00  6.980887e-01  7.645018e-01  1.652792e+00
-6.090000e+02  1.816764e+00  5.185180e-01  8.373660e-01  1.541907e+00
-6.080000e+02  1.768561e+00  3.275281e-01  8.851196e-01  1.430944e+00
-6.070000e+02  1.700587e+00  1.552458e-01  9.180011e-01  1.322113e+00
-6.060000e+02  1.642069e+00  2.265450e-02  9.554015e-01  1.217606e+00
-6.050000e+02  1.606122e+00 -6.238545e-02  1.006171e+00  1.119067e+00
-6.040000e+02  1.582249e+00 -1.043138e-01  1.065166e+00  1.025628e+00
-6.030000e+02  1.542934e+00 -1.163986e-01  1.111968e+00  9.363924e-01
-6.020000e+02  1.475105e+00 -1.153769e-01  1.134504e+00  8.521370e-01
-6.010000e+02  1.392166e+00 -1.154213e-01  1.139234e+00  7.768574e-01
-6.000000e+02  1.325501e+00 -1.225949e-01  1.147470e+00  7.150139e-01
-5.990000e+02  1.296020e+00 -1.371773e-01  1.173153e+00  6.669689e-01
-5.980000e+02  1.303321e+00 -1.554798e-01  1.216679e+00  6.273802e-01
-5.970000e+02  1.330074e+00 -1.724438e-01  1.267116e+00  5.918101e-01
-5.960000e+02  1.362836e+00 -1.827380e-01  1.320208e+00  5.581210e-01
-5.950000e+02  1.391534e+00 -1.845643e-01  1.372367e+00  5.270258e-01
-5.940000e+02  1.418189e+00 -1.837414e-01  1.423687e+00  4.999679e-01
-5.930000e+02  1.453840e+00 -1.884131e-01  1.477084e+00  4.780084e-01
-5.920000e+02  1.511718e+00 -2.068169e-01  1.541966e+00  4.597590e-01
-5.910000e+02  1.586934e+00 -2.415935e-01  1.619581e+00  4.432836e-01
-5.900000e+02  1.653200e+00 -2.857619e-01  1.696021e+00  4.262736e-01
-5.890000e+02  1.692725e+00 -3.219971e-01  1.757765e+00  4.099429e-01
-5.880000e+02  1.719379e+00 -3.295772e-01  1.811698e+00  3.954724e-01
-5.870000e+02  1.763387e+00 -2.962235e-01  1.878346e+00  3.836455e-01
-5.860000e+02  1.835127e+00 -2.212643e-01  1.968185e+00  3.727980e-01
-5.850000e+02  1.906180e+00 -1.148164e-01  2.063142e+00  3.616655e-01
-5.840000e+02  1.951496e+00  7.654061e-03  2.144666e+00  3.510808e-01
-5.830000e+02  1.968930e+00  1.284567e-01  2.207936e+00  3.447926e-01
-5.820000e+02  1.973147e+00  2.327115e-01  2.262404e+00  3.440681e-01
-5.810000e+02  1.977323e+00  3.155450e-01  2.314260e+00  3.485448e-01
-5.800000e+02  1.987653e+00  3.769804e-01  2.362960e+00  3.586496e-01
-5.790000e+02  2.002053e+00  4.188104e-01  2.403136e+00  3.764480e-01
-5.780000e+02  2.021844e+00  4.388707e-01  2.437918e+00  4.029939e-01
-5.770000e+02  2.048916e+00  4.351290e-01  2.472952e+00  4.364148e-01
-5.760000e+02  2.081140e+00  4.078168e-01  2.509278e+00  4.727185e-01
-5.750000e+02  2.109214e+00  3.559620e-01  2.538177e+00  5.084952e-01
-5.740000e+02  2.130078e+00  2.803991e-01  2.554278e+00  5.437060e-01
-5.730000e+02  2.153105e+00  1.837958e-01  2.563876e+00  5.808389e-01
-5.720000e+02  2.183602e+00  7.882456e-02  2.573270e+00  6.215454e-01
-5.710000e+02  2.210465e+00 -1.736194e-02  2.577081e+00  6.636455e-01
-5.700000e+02  2.214438e+00 -8.741994e-02  2.560855e+00  7.025074e-01
-5.690000e+02  2.191175e+00 -1.159204e-01  2.520260e+00  7.347515e-01
-5.680000e+02  2.151794e+00 -9.210702e-02  2.462963e+00  7.596699e-01
-5.670000e+02  2.107137e+00 -1.273501e-02  2.398932e+00  7.770197e-01
-5.660000e+02  2.054663e+00  1.101823e-01  2.327984e+00  7.876272e-01
-5.650000e+02  1.980044e+00  2.506419e-01  2.241366e+00  7.930012e-01
-5.640000e+02  1.878687e+00  3.816736e-01  2.135715e+00  7.951254e-01
-5.630000e+02  1.755498e+00  4.896545e-01  2.012687e+00  7.947159e-01
-5.620000e+02  1.628329e+00  5.737168e-01  1.880708e+00  7.918929e-01
-5.610000e+02  1.507274e+00  6.321546e-01  1.743470e+00  7.877257e-01
-5.600000e+02  1.399971e+00  6.553498e-01  1.606993e+00  7.852407e-01
-5.590000e+02  1.302312e+00  6.259781e-01  1.472275e+00  7.858876e-01
-5.580000e+02  1.207038e+00  5.356990e-01  1.337418e+00  7.880208e-01
-5.570000e+02  1.103525e+00  3.926906e-01  1.195643e+00  7.878211e-01
-5.560000e+02  9.893572e-01  2.249854e-01  1.046702e+00  7.816509e-01
-5.550000e+02  8.666562e-01  6.719456e-02  8.947693e-01  7.684639e-01
-5.540000e+02  7.424104e-01 -5.565958e-02  7.471619e-01  7.501402e-01
-5.530000e+02  6.166065e-01 -1.346864e-01  6.044562e-01  7.285796e-01
-5.520000e+02  4.850268e-01 -1.741634e-01  4.619563e-01  7.042136e-01
-5.510000e+02  3.385107e-01 -1.836618e-01  3.125957e-01  6.743423e-01
-5.500000e+02  1.708484e-01 -1.749173e-01  1.520412e-01  6.356022e-01
-5.490000e+02 -1.721143e-02 -1.639697e-01 -1.889770e-02  5.865939e-01
-5.480000e+02 -2.106499e-01 -1.714623e-01 -1.905984e-01  5.305116e-01
-5.470000e+02 -3.868969e-01 -2.169948e-01 -3.449422e-01  4.699400e-01
-5.460000e+02 -5.359854e-01 -3.079621e-01 -4.712085e-01  4.035533e-01
-5.450000e+02 -6.723512e-01 -4.308585e-01 -5.760257e-01  3.273490e-01
-5.440000e+02 -8.200813e-01 -5.509103e-01 -6.782786e-01  2.425643e-01
-5.430000e+02 -9.879608e-01 -6.241369e-01 -7.867753e-01  1.535145e-01
-5.420000e+02 -1.164666e+00 -6.175634e-01 -8.947252e-01  6.377589e-02
-5.410000e+02 -1.328935e+00 -5.328436e-01 -9.857164e-01 -2.677960e-02
-5.400000e+02 -1.471401e+00 -4.041663e-01 -1.053492e+00 -1.188828e-01
-5.390000e+02 -1.596459e+00 -2.801835e-01 -1.103783e+00 -2.126109e-01
-5.380000e+02 -1.722330e+00 -1.991273e-01 -1.152385e+00 -3.067753e-01
-5.370000e+02 -1.863626e+00 -1.744981e-01 -1.209883e+00 -4.012851e-01
-5.360000e+02 -2.022559e+00 -1.974467e-01 -1.275035e+00 -4.983569e-01
-5.350000e+02 -2.181225e+00 -2.434679e-01 -1.334352e+00 -5.990322e-01
-5.340000e+02 -2.321825e+00 -2.910729e-01 -1.376157e+00 -7.019875e-01
-5.330000e+02 -2.431142e+00 -3.365592e-01 -1.392810e+00 -8.038124e-01
-5.320000e+02 -2.520338e+00 -3.919471e-01 -1.392298e+00 -9.028427e-01
-5.310000e+02 -2.611064e+00 -4.720666e-01 -1.391729e+00 -9.996922e-01
-5.300000e+02 -2.725685e+00 -5.730289e-01 -1.408511e+00 -1.098134e+00
-5.290000e+02 -2.860710e+00 -6.732477e-01 -1.441768e+00 -1.198796e+00
-5.280000e+02 -3.004110e+00 -7.429669e-01 -1.481300e+00 -1.300594e+00
-5.270000e+02 -3.142422e+00 -7.658336e-01 -1.514968e+00 -1.401647e+00
-5.260000e+02 -3.275900e+00 -7.470796e-01 -1.542592e+00 -1.500454e+00
-5.250000e+02 -3.407307e+00 -7.057506e-01 -1.569184e+00 -1.594826e+00
-5.240000e+02 -3.547922e+00 -6.614041e-01 -1.606076e+00 -1.684907e+00
-5.230000e+02 -3.700259e+00 -6.240683e-01 -1.656400e+00 -1.772498e+00
-5.220000e+02 -3.854054e+00 -5.960956e-01 -1.711973e+00 -1.860402e+00
-5.210000e+02 -3.989674e+00 -5.797215e-01 -1.756095e+00 -1.951315e+00
-5.200000e+02 -4.093708e+00 -5.765252e-01 -1.777678e+00 -2.044519e+00
-5.190000e+02 -4.166114e+00 -5.890984e-01 -1.777201e+00 -2.136293e+00
-5.180000e+02 -4.220215e+00 -6.126780e-01 -1.766681e+00 -2.226078e+00
-5.170000e+02 -4.269202e+00 -6.403115e-01 -1.756821e+00 -2.318048e+00
-5.160000e+02 -4.319447e+00 -6.609878e-01 -1.750026e+00 -2.415285e+00
-5.150000e+02 -4.361767e+00 -6.606181e-01 -1.735372e+00 -2.515473e+00
-5.140000e+02 -4.391650e+00 -6.258938e-01 -1.706130e+00 -2.614961e+00
-5.130000e+02 -4.419367e+00 -5.535843e-01 -1.671247e+00 -2.711572e+00
-5.120000e+02 -4.460905e+00 -4.573163e-01 -1.646589e+00 -2.806076e+00
-5.110000e+02 -4.514800e+00 -3.555425e-01 -1.635724e+00 -2.899249e+00
-5.100000e+02 -4.567566e+00 -2.589185e-01 -1.629131e+00 -2.992657e+00
-5.090000e+02 -4.604086e+00 -1.686446e-01 -1.613770e+00 -3.086484e+00
-5.080000e+02 -4.625234e+00 -8.516021e-02 -1.588043e+00 -3.179138e+00
-5.070000e+02 -4.644177e+00 -1.455965e-02 -1.561067e+00 -3.269700e+00
-5.060000e+02 -4.670935e+00  3.327993e-02 -1.539776e+00 -3.358303e+00
-5.050000e+02 -4.699782e+00  4.732006e-02 -1.519071e+00 -3.447234e+00
-5.040000e+02 -4.715304e+00  2.009821e-02 -1.487669e+00 -3.537740e+00
-5.030000e+02 -4.705902e+00 -4.723168e-02 -1.440012e+00 -3.627055e+00
-5.020000e+02 -4.671265e+00 -1.471694e-01 -1.379715e+00 -3.708334e+00
-5.010000e+02 -4.614364e+00 -2.691158e-01 -1.308153e+00 -3.776821e+00
-5.000000e+02 -4.538195e+00 -4.034602e-01 -1.225297e+00 -3.831990e+00
-4.990000e+02 -4.448523e+00 -5.444072e-01 -1.135864e+00 -3.878341e+00
-4.980000e+02 -4.345430e+00 -6.876403e-01 -1.044855e+00 -3.918496e+00
-4.970000e+02 -4.221167e+00 -8.383673e-01 -9.509319e-01 -3.948785e+00
-4.960000e+02 -4.069820e+00 -9.969627e-01 -8.495310e-01 -3.963055e+00
-4.950000e+02 -3.902675e+00 -1.148897e+00 -7.445916e-01 -3.958599e+00
-4.940000e+02 -3.729650e+00 -1.261563e+00 -6.404191e-01 -3.937490e+00
-4.930000e+02 -3.548020e+00 -1.300229e+00 -5.358951e-01 -3.903533e+00
-4.920000e+02 -3.346824e+00 -1.249895e+00 -4.262846e-01 -3.858628e+00
-4.910000e+02 -3.118157e+00 -1.115035e+00 -3.071741e-01 -3.802326e+00
-4.900000e+02 -2.854860e+00 -9.151065e-01 -1.737168e-01 -3.731272e+00
-4.890000e+02 -2.565063e+00 -6.779226e-01 -3.215905e-02 -3.641776e+00
-4.880000e+02 -2.271112e+00 -4.356156e-01  1.022265e-01 -3.532316e+00
-4.870000e+02 -1.994839e+00 -2.230837e-01  2.155955e-01 -3.404800e+00
-4.860000e+02 -1.740155e+00 -7.200905e-02  3.068295e-01 -3.262871e+00
-4.850000e+02 -1.494725e+00 -2.513509e-03  3.846855e-01 -3.109855e+00
-4.840000e+02 -1.242807e+00 -1.558172e-02  4.576673e-01 -2.943599e+00
-4.830000e+02 -9.721997e-01 -8.232036e-02  5.323200e-01 -2.759316e+00
-4.820000e+02 -6.885117e-01 -1.592426e-01  6.075142e-01 -2.558699e+00
-4.810000e+02 -4.000904e-01 -2.033787e-01  6.829551e-01 -2.348894e+00
-4.800000e+02 -1.115461e-01 -1.941318e-01  7.580068e-01 -2.135680e+00
-4.790000e+02  1.830985e-01 -1.347990e-01  8.343674e-01 -1.919427e+00
-4.780000e+02  4.894476e-01 -4.370204e-02  9.112334e-01 -1.697691e+00
-4.770000e+02  8.062333e-01  5.865330e-02  9.872287e-01 -1.470594e+00
-4.760000e+02  1.121778e+00  1.607712e-01  1.057783e+00 -1.241244e+00
-4.750000e+02  1.421206e+00  2.559238e-01  1.116824e+00 -1.011731e+00
-4.740000e+02  1.693882e+00  3.407721e-01  1.159958e+00 -7.816131e-01
-4.730000e+02  1.936229e+00  4.162843e-01  1.187550e+00 -5.520151e-01
-4.720000e+02  2.158086e+00  4.975023e-01  1.205819e+00 -3.247823e-01
-4.710000e+02  2.370834e+00  6.082678e-01  1.219303e+00 -1.019132e-01
-4.700000e+02  2.574823e+00  7.666895e-01  1.225657e+00  1.159076e-01
-4.690000e+02  2.765387e+00  9.668032e-01  1.225493e+00  3.266270e-01
-4.680000e+02  2.934757e+00  1.176091e+00  1.220683e+00  5.259485e-01
-4.670000e+02  3.074863e+00  1.345676e+00  1.208778e+00  7.101159e-01
-4.660000e+02  3.186564e+00  1.429954e+00  1.185981e+00  8.816418e-01
-4.650000e+02  3.284706e+00  1.406506e+00  1.156765e+00  1.046467e+00
-4.640000e+02  3.383927e+00  1.287553e+00  1.130789e+00  1.205413e+00
-4.630000e+02  3.479647e+00  1.121553e+00  1.110213e+00  1.350736e+00
-4.620000e+02  3.557000e+00  9.682729e-01  1.090939e+00  1.474539e+00
-4.610000e+02  3.606005e+00  8.696993e-01  1.068708e+00  1.575998e+00
-4.600000e+02  3.631413e+00  8.288476e-01  1.045222e+00  1.660729e+00
-4.590000e+02  3.643599e+00  8.171564e-01  1.023457e+00  1.734335e+00
-4.580000e+02  3.651391e+00  7.953899e-01  1.004797e+00  1.798434e+00
-4.570000e+02  3.650018e+00  7.367114e-01  9.830610e-01  1.850213e+00
-4.560000e+02  3.636623e+00  6.328398e-01  9.563469e-01  1.886105e+00
-4.550000e+02  3.607987e+00  4.889191e-01  9.248331e-01  1.904925e+00
-4.540000e+02  3.566632e+00  3.193903e-01  8.933666e-01  1.908567e+00
-4.530000e+02  3.517257e+00  1.457051e-01  8.657148e-01  1.899807e+00
-4.520000e+02  3.465148e+00 -9.678444e-03  8.420456e-01  1.881895e+00
-4.510000e+02  3.408419e+00 -1.339203e-01  8.168968e-01  1.855772e+00
-4.500000e+02  3.341751e+00 -2.297358e-01  7.868231e-01  1.818814e+00
-4.490000e+02  3.258474e+00 -3.062597e-01  7.521510e-01  1.768070e+00
-4.480000e+02  3.152801e+00 -3.705736e-01  7.122525e-01  1.704484e+00
-4.470000e+02  3.023643e+00 -4.208586e-01  6.640996e-01  1.634398e+00
-4.460000e+02  2.881528e+00 -4.472207e-01  6.089104e-01  1.566288e+00
-4.450000e+02  2.738699e+00 -4.337177e-01  5.511155e-01  1.504208e+00
-4.440000e+02  2.602375e+00 -3.660841e-01  4.971500e-01  1.445717e+00
-4.430000e+02  2.472752e+00 -2.421650e-01  4.523195e-01  1.386321e+00
-4.420000e+02  2.348461e+00 -7.840426e-02  4.200301e-01  1.324215e+00
-4.410000e+02  2.233941e+00  9.423635e-02  4.024785e-01  1.262408e+00
-4.400000e+02  2.137873e+00  2.405761e-01  3.989755e-01  1.205676e+00
-4.390000e+02  2.062236e+00  3.353987e-01  4.029790e-01  1.158000e+00
-4.380000e+02  1.998946e+00  3.759481e-01  4.059108e-01  1.120324e+00
-4.370000e+02  1.943941e+00  3.798833e-01  4.071195e-01  1.090395e+00
-4.360000e+02  1.901860e+00  3.772653e-01  4.136294e-01  1.065446e+00
-4.350000e+02  1.882138e+00  3.928406e-01  4.317642e-01  1.045178e+00
-4.340000e+02  1.886178e+00  4.318669e-01  4.596311e-01  1.032626e+00
-4.330000e+02  1.907433e+00  4.811986e-01  4.898441e-01  1.030857e+00
-4.320000e+02  1.932079e+00  5.201572e-01  5.125282e-01  1.039203e+00
-4.310000e+02  1.954236e+00  5.398636e-01  5.240149e-01  1.054314e+00
-4.300000e+02  1.976357e+00  5.492524e-01  5.270803e-01  1.075258e+00
-4.290000e+02  2.012516e+00  5.650482e-01  5.338225e-01  1.103442e+00
-4.280000e+02  2.067747e+00  6.011440e-01  5.498886e-01  1.139859e+00
-4.270000e+02  2.140114e+00  6.530814e-01  5.715785e-01  1.185498e+00
-4.260000e+02  2.212306e+00  6.983802e-01  5.825201e-01  1.239054e+00
-4.250000e+02  2.276335e+00  7.042118e-01  5.759407e-01  1.297431e+00
-4.240000e+02  2.332038e+00  6.469442e-01  5.556988e-01  1.357091e+00
-4.230000e+02  2.388337e+00  5.286168e-01  5.329061e-01  1.417781e+00
-4.220000e+02  2.447175e+00  3.733587e-01  5.104651e-01  1.480669e+00
-4.210000e+02  2.509806e+00  2.188827e-01  4.881594e-01  1.547805e+00
-4.200000e+02  2.566274e+00  1.048747e-01  4.601397e-01  1.617915e+00
-4.190000e+02  2.607716e+00  6.448354e-02  4.228105e-01  1.687193e+00
-4.180000e+02  2.621147e+00  1.103002e-01  3.673567e-01  1.753277e+00
-4.170000e+02  2.602918e+00  2.244238e-01  2.888870e-01  1.817439e+00
-4.160000e+02  2.561994e+00  3.681983e-01  1.922048e-01  1.883009e+00
-4.150000e+02  2.522015e+00  5.035320e-01  9.668416e-02  1.950704e+00
-4.140000e+02  2.505123e+00  6.097014e-01  2.241373e-02  2.018636e+00
-4.130000e+02  2.514577e+00  6.829985e-01 -2.737795e-02  2.083938e+00
-4.120000e+02  2.525982e+00  7.272151e-01 -7.410228e-02  2.145587e+00
-4.110000e+02  2.514251e+00  7.456960e-01 -1.392207e-01  2.202891e+00
-4.100000e+02  2.476614e+00  7.398589e-01 -2.242557e-01  2.255922e+00
-4.090000e+02  2.437556e+00  7.144242e-01 -3.078095e-01  2.305512e+00
-4.080000e+02  2.418375e+00  6.782540e-01 -3.725676e-01  2.351915e+00
-4.070000e+02  2.427110e+00  6.418789e-01 -4.134081e-01  2.394941e+00
-4.060000e+02  2.450550e+00  6.116045e-01 -4.399832e-01  2.432252e+00
-4.050000e+02  2.465832e+00  5.915960e-01 -4.665381e-01  2.461663e+00
-4.040000e+02  2.449069e+00  5.821098e-01 -5.081919e-01  2.482228e+00
-4.030000e+02  2.396327e+00  5.791341e-01 -5.684330e-01  2.495578e+00
-4.020000e+02  2.329307e+00  5.736490e-01 -6.333819e-01  2.504747e+00
-4.010000e+02  2.281779e+00  5.501686e-01 -6.778267e-01  2.510208e+00
-4.000000e+02  2.264870e+00  4.909273e-01 -6.896369e-01  2.508201e+00
-3.990000e+02  2.256353e+00  3.836021e-01 -6.823439e-01  2.495093e+00
-3.980000e+02  2.223067e+00  2.321162e-01 -6.828542e-01  2.472854e+00
-3.970000e+02  2.153214e+00  5.925667e-02 -7.032410e-01  2.445304e+00
-3.960000e+02  2.066259e+00 -1.002078e-01 -7.286294e-01  2.414098e+00
-3.950000e+02  1.992512e+00 -2.131485e-01 -7.349808e-01  2.378141e+00
-3.940000e+02  1.957447e+00 -2.621856e-01 -7.053302e-01  2.338140e+00
-3.930000e+02  1.958446e+00 -2.475381e-01 -6.469794e-01  2.296832e+00
-3.920000e+02  1.969368e+00 -1.834640e-01 -5.813660e-01  2.256066e+00
-3.910000e+02  1.961540e+00 -9.100009e-02 -5.267258e-01  2.215357e+00
-3.900000e+02  1.927219e+00  9.977128e-03 -4.846586e-01  2.172488e+00
-3.890000e+02  1.879449e+00  1.058864e-01 -4.465243e-01  2.127286e+00
-3.880000e+02  1.843968e+00  1.878577e-01 -3.985615e-01  2.082341e+00
-3.870000e+02  1.837595e+00  2.487250e-01 -3.331571e-01  2.040964e+00
-3.860000e+02  1.853111e+00  2.817760e-01 -2.531947e-01  2.003089e+00
-3.850000e+02  1.855952e+00  2.840468e-01 -1.769438e-01  1.965716e+00
-3.840000e+02  1.814945e+00  2.575220e-01 -1.212653e-01  1.924751e+00
-3.830000e+02  1.734727e+00  2.055076e-01 -8.542677e-02  1.878511e+00
-3.820000e+02  1.659664e+00  1.335280e-01 -4.475153e-02  1.829285e+00
-3.810000e+02  1.623403e+00  5.142477e-02  1.816280e-02  1.781071e+00
-3.800000e+02  1.618254e+00 -2.713305e-02  9.587792e-02  1.735720e+00
-3.790000e+02  1.607962e+00 -9.349823e-02  1.660879e-01  1.691391e+00
-3.780000e+02  1.569863e+00 -1.504864e-01  2.186529e-01  1.645094e+00
-3.770000e+02  1.505472e+00 -2.104168e-01  2.572004e-01  1.595626e+00
-3.760000e+02  1.431870e+00 -2.931673e-01  2.909442e-01  1.544331e+00
-3.750000e+02  1.359477e+00 -4.102004e-01  3.215742e-01  1.493210e+00
-3.740000e+02  1.291728e+00 -5.568916e-01  3.484858e-01  1.444590e+00
-3.730000e+02  1.227876e+00 -7.014390e-01  3.724830e-01  1.398931e+00
-3.720000e+02  1.163178e+00 -8.022069e-01  3.946464e-01  1.354479e+00
-3.710000e+02  1.082303e+00 -8.281797e-01  4.065480e-01  1.307012e+00
-3.700000e+02  9.779883e-01 -7.735097e-01  4.004992e-01  1.255555e+00
-3.690000e+02  8.764206e-01 -6.584709e-01  3.880833e-01  1.203265e+00
-3.680000e+02  8.248581e-01 -5.094630e-01  3.977985e-01  1.154119e+00
-3.670000e+02  8.434324e-01 -3.500198e-01  4.445502e-01  1.110744e+00
-3.660000e+02  8.976895e-01 -1.965400e-01  5.088120e-01  1.072702e+00
-3.650000e+02  9.339028e-01 -5.962285e-02  5.590268e-01  1.034879e+00
-3.640000e+02  9.283896e-01  4.882815e-02  5.823968e-01  9.918515e-01
-3.630000e+02  9.121086e-01  1.216086e-01  5.999580e-01  9.434655e-01
-3.620000e+02  9.306738e-01  1.555825e-01  6.384633e-01  8.950923e-01
-3.610000e+02  9.907644e-01  1.626331e-01  6.986563e-01  8.504148e-01
-3.600000e+02  1.060058e+00  1.693513e-01  7.582615e-01  8.085471e-01
-3.590000e+02  1.104062e+00  2.085571e-01  7.985391e-01  7.650264e-01
-3.580000e+02  1.118113e+00  3.004553e-01  8.222613e-01  7.172135e-01
-3.570000e+02  1.119619e+00  4.337874e-01  8.430564e-01  6.651460e-01
-3.560000e+02  1.132126e+00  5.689839e-01  8.721051e-01  6.101728e-01
-3.550000e+02  1.170061e+00  6.626896e-01  9.149336e-01  5.523193e-01
-3.540000e+02  1.239114e+00  6.900367e-01  9.772794e-01  4.920538e-01
-3.530000e+02  1.316995e+00  6.575532e-01  1.050282e+00  4.284370e-01
-3.520000e+02  1.363466e+00  5.932209e-01  1.108718e+00  3.606568e-01
-3.510000e+02  1.357480e+00  5.298586e-01  1.133508e+00  2.892610e-01
-3.500000e+02  1.329999e+00  4.863734e-01  1.138257e+00  2.180525e-01
-3.490000e+02  1.332227e+00  4.629470e-01  1.154974e+00  1.494563e-01
-3.480000e+02  1.378031e+00  4.519050e-01  1.195129e+00  8.311286e-02
-3.470000e+02  1.426517e+00  4.422255e-01  1.235786e+00  1.640283e-02
-3.460000e+02  1.427410e+00  4.263587e-01  1.245219e+00 -5.013976e-02
-3.450000e+02  1.370839e+00  4.017475e-01  1.216408e+00 -1.154593e-01
-3.440000e+02  1.284993e+00  3.750601e-01  1.167635e+00 -1.799738e-01
-3.430000e+02  1.202098e+00  3.533973e-01  1.121594e+00 -2.458393e-01
-3.420000e+02  1.130385e+00  3.360524e-01  1.083193e+00 -3.119499e-01
-3.410000e+02  1.056353e+00  3.174102e-01  1.040104e+00 -3.755732e-01
-3.400000e+02  9.580355e-01  2.973173e-01  9.765397e-01 -4.358284e-01
-3.390000e+02  8.184537e-01  2.835933e-01  8.849161e-01 -4.956210e-01
-3.380000e+02  6.327832e-01  2.839441e-01  7.649182e-01 -5.573502e-01
-3.370000e+02  4.229485e-01  2.961565e-01  6.287053e-01 -6.191962e-01
-3.360000e+02  2.218114e-01  3.117199e-01  4.926485e-01 -6.775194e-01
-3.350000e+02  4.554747e-02  3.255138e-01  3.663239e-01 -7.300522e-01
-3.340000e+02 -1.305003e-01  3.383400e-01  2.386523e-01 -7.786233e-01
-3.330000e+02 -3.442467e-01  3.522075e-01  9.102501e-02 -8.262870e-01
-3.320000e+02 -6.038520e-01  3.629907e-01 -8.220899e-02 -8.739733e-01
-3.310000e+02 -8.725723e-01  3.604009e-01 -2.614486e-01 -9.190297e-01
-3.300000e+02 -1.109932e+00  3.304697e-01 -4.237321e-01 -9.580550e-01
-3.290000e+02 -1.306741e+00  2.579635e-01 -5.628657e-01 -9.901019e-01
-3.280000e+02 -1.486842e+00  1.323037e-01 -6.937430e-01 -1.016543e+00
-3.270000e+02 -1.671576e+00 -4.881725e-02 -8.308274e-01 -1.036825e+00
-3.260000e+02 -1.854948e+00 -2.707774e-01 -9.681975e-01 -1.050372e+00
-3.250000e+02 -2.020197e+00 -5.044490e-01 -1.089579e+00 -1.061121e+00
-3.240000e+02 -2.163765e+00 -7.139833e-01 -1.190060e+00 -1.074179e+00
-3.230000e+02 -2.300644e+00 -8.662635e-01 -1.284376e+00 -1.088795e+00
-3.220000e+02 -2.432413e+00 -9.437952e-01 -1.380340e+00 -1.096417e+00
-3.210000e+02 -2.544889e+00 -9.481660e-01 -1.470206e+00 -1.090632e+00
-3.200000e+02 -2.628263e+00 -8.984827e-01 -1.542261e+00 -1.074410e+00
-3.190000e+02 -2.692205e+00 -8.169293e-01 -1.597854e+00 -1.056185e+00
-3.180000e+02 -2.735879e+00 -7.228606e-01 -1.635261e+00 -1.039611e+00
-3.170000e+02 -2.742439e+00 -6.353100e-01 -1.646794e+00 -1.021458e+00
-3.160000e+02 -2.699266e+00 -5.690154e-01 -1.625908e+00 -9.976132e-01
-3.150000e+02 -2.625427e+00 -5.226367e-01 -1.584598e+00 -9.675244e-01
-3.140000e+02 -2.548942e+00 -4.734873e-01 -1.539794e+00 -9.330787e-01
-3.130000e+02 -2.482479e+00 -3.913966e-01 -1.499364e+00 -8.982408e-01
-3.120000e+02 -2.410100e+00 -2.672284e-01 -1.449778e+00 -8.670316e-01
-3.110000e+02 -2.312857e+00 -1.266564e-01 -1.374441e+00 -8.425330e-01
-3.100000e+02 -2.198227e+00 -2.020113e-02 -1.278024e+00 -8.235454e-01
-3.090000e+02 -2.091330e+00  4.465546e-03 -1.184896e+00 -8.037514e-01
-3.080000e+02 -1.998568e+00 -6.850229e-02 -1.107239e+00 -7.773598e-01
-3.070000e+02 -1.894595e+00 -2.137490e-01 -1.027816e+00 -7.447050e-01
-3.060000e+02 -1.750629e+00 -3.664218e-01 -9.189887e-01 -7.110356e-01
-3.050000e+02 -1.572118e+00 -4.516367e-01 -7.783589e-01 -6.813722e-01
-3.040000e+02 -1.381757e+00 -4.190210e-01 -6.234488e-01 -6.572380e-01
-3.030000e+02 -1.190818e+00 -2.705334e-01 -4.691738e-01 -6.349223e-01
-3.020000e+02 -9.931495e-01 -5.904060e-02 -3.140985e-01 -6.107717e-01
-3.010000e+02 -7.865425e-01  1.419023e-01 -1.544914e-01 -5.845545e-01
-3.000000e+02 -5.777585e-01  2.761009e-01  8.740603e-03 -5.606081e-01
-2.990000e+02 -3.760768e-01  3.276089e-01  1.697188e-01 -5.418611e-01
-2.980000e+02 -1.771473e-01  3.156862e-01  3.309057e-01 -5.284032e-01
-2.970000e+02  2.080219e-02  2.706428e-01  4.929374e-01 -5.189934e-01
-2.960000e+02  2.039190e-01  2.142004e-01  6.442237e-01 -5.122218e-01
-2.950000e+02  3.496475e-01  1.501184e-01  7.636195e-01 -5.049930e-01
-2.940000e+02  4.580281e-01  8.110700e-02  8.481932e-01 -4.945269e-01
-2.930000e+02  5.611674e-01  2.175395e-02  9.229204e-01 -4.819770e-01
-2.920000e+02  6.830713e-01 -5.749963e-03  1.012487e+00 -4.730273e-01
-2.910000e+02  8.101855e-01  8.554762e-03  1.111458e+00 -4.719724e-01
-2.900000e+02  9.162074e-01  4.845610e-02  1.198683e+00 -4.776209e-01
-2.890000e+02  1.000788e+00  8.599658e-02  1.266830e+00 -4.852666e-01
-2.880000e+02  1.084150e+00  1.068336e-01  1.327917e+00 -4.934601e-01
-2.870000e+02  1.179529e+00  1.284634e-01  1.393288e+00 -5.038364e-01
-2.860000e+02  1.275324e+00  1.860856e-01  1.460737e+00 -5.201770e-01
-2.850000e+02  1.349452e+00  2.979566e-01  1.517075e+00 -5.417233e-01
-2.840000e+02  1.392760e+00  4.429512e-01  1.554848e+00 -5.661700e-01
-2.830000e+02  1.413801e+00  5.714477e-01  1.575853e+00 -5.910368e-01
-2.820000e+02  1.424282e+00  6.380337e-01  1.587429e+00 -6.181095e-01
-2.810000e+02  1.426172e+00  6.333598e-01  1.594479e+00 -6.504685e-01
-2.800000e+02  1.421399e+00  5.858056e-01  1.603390e+00 -6.903699e-01
-2.790000e+02  1.421601e+00  5.357238e-01  1.623439e+00 -7.354447e-01
-2.780000e+02  1.438349e+00  5.030880e-01  1.659932e+00 -7.819607e-01
-2.770000e+02  1.466439e+00  4.750177e-01  1.704562e+00 -8.272805e-01
-2.760000e+02  1.490940e+00  4.257859e-01  1.743729e+00 -8.721983e-01
-2.750000e+02  1.502540e+00  3.349306e-01  1.770515e+00 -9.170287e-01
-2.740000e+02  1.504387e+00  2.058943e-01  1.788417e+00 -9.604437e-01
-2.730000e+02  1.499088e+00  5.870693e-02  1.798946e+00 -1.000551e+00
-2.720000e+02  1.489217e+00 -8.005949e-02  1.803847e+00 -1.037921e+00
-2.710000e+02  1.473494e+00 -1.956444e-01  1.801714e+00 -1.073723e+00
-2.700000e+02  1.454877e+00 -2.889104e-01  1.794015e+00 -1.106706e+00
-2.690000e+02  1.443607e+00 -3.701489e-01  1.785470e+00 -1.132215e+00
-2.680000e+02  1.445852e+00 -4.470270e-01  1.781974e+00 -1.149141e+00
-2.670000e+02  1.448576e+00 -5.170662e-01  1.777468e+00 -1.160592e+00
-2.660000e+02  1.433378e+00 -5.702840e-01  1.761752e+00 -1.170611e+00
-2.650000e+02  1.396821e+00 -5.965542e-01  1.729530e+00 -1.176929e+00
-2.640000e+02  1.364305e+00 -5.870628e-01  1.693639e+00 -1.173244e+00
-2.630000e+02  1.358206e+00 -5.327878e-01  1.666617e+00 -1.156780e+00
-2.620000e+02  1.370007e+00 -4.289503e-01  1.646841e+00 -1.133996e+00
-2.610000e+02  1.364041e+00 -2.803340e-01  1.618499e+00 -1.115170e+00
-2.600000e+02  1.316659e+00 -1.044781e-01  1.570871e+00 -1.104137e+00
-2.590000e+02  1.243403e+00  7.587700e-02  1.509261e+00 -1.093996e+00
-2.580000e+02  1.184646e+00  2.409155e-01  1.451129e+00 -1.076010e+00
-2.570000e+02  1.154770e+00  3.781383e-01  1.402739e+00 -1.048389e+00
-2.560000e+02  1.127227e+00  4.830748e-01  1.352761e+00 -1.016600e+00
-2.550000e+02  1.065070e+00  5.482280e-01  1.284292e+00 -9.843368e-01
-2.540000e+02  9.608473e-01  5.644996e-01  1.193095e+00 -9.501027e-01
-2.530000e+02  8.309234e-01  5.262355e-01  1.085671e+00 -9.113914e-01
-2.520000e+02  6.943372e-01  4.424568e-01  9.710099e-01 -8.684199e-01
-2.510000e+02  5.663505e-01  3.340705e-01  8.570737e-01 -8.202341e-01
-2.500000e+02  4.674151e-01  2.174899e-01  7.581093e-01 -7.631551e-01
-2.490000e+02  4.069931e-01  9.190719e-02  6.836834e-01 -6.967628e-01
-2.480000e+02  3.647306e-01 -6.112269e-02  6.258518e-01 -6.287157e-01
-2.470000e+02  3.032970e-01 -2.518415e-01  5.621513e-01 -5.667521e-01
-2.460000e+02  2.047884e-01 -4.636120e-01  4.775969e-01 -5.099337e-01
-2.450000e+02  9.713688e-02 -6.506662e-01  3.817797e-01 -4.479750e-01
-2.440000e+02  2.617324e-02 -7.632069e-01  2.989260e-01 -3.717778e-01
-2.430000e+02  5.294921e-03 -7.752033e-01  2.401092e-01 -2.822941e-01
-2.420000e+02  3.387219e-03 -6.949967e-01  1.943609e-01 -1.895260e-01
-2.410000e+02 -1.267861e-02 -5.620069e-01  1.474470e-01 -1.013833e-01
-2.400000e+02 -4.370419e-02 -4.260569e-01  1.003310e-01 -1.708840e-02
-2.390000e+02 -6.323926e-02 -3.287922e-01  6.648021e-02  6.857537e-02
-2.380000e+02 -5.363392e-02 -2.907737e-01  5.256392e-02  1.574411e-01
-2.370000e+02 -1.625666e-02 -3.087387e-01  5.627759e-02  2.484859e-01
-2.360000e+02  4.387742e-02 -3.564169e-01  7.708010e-02  3.413584e-01
-2.350000e+02  1.172232e-01 -3.924738e-01  1.109487e-01  4.358866e-01
-2.340000e+02  1.850303e-01 -3.771617e-01  1.442523e-01  5.293318e-01
-2.330000e+02  2.255498e-01 -2.940946e-01  1.599596e-01  6.182796e-01
-2.320000e+02  2.422800e-01 -1.587839e-01  1.569697e-01  7.028485e-01
-2.310000e+02  2.604050e-01 -1.308218e-02  1.494285e-01  7.864409e-01
-2.300000e+02  3.073702e-01  1.010844e-01  1.549455e-01  8.739048e-01
-2.290000e+02  3.832280e-01  1.658496e-01  1.768855e-01  9.654315e-01
-2.280000e+02  4.717461e-01  1.920886e-01  2.085910e-01  1.057424e+00
-2.270000e+02  5.574399e-01  2.043026e-01  2.411628e-01  1.145788e+00
-2.260000e+02  6.410755e-01  2.198786e-01  2.723349e-01  1.230652e+00
-2.250000e+02  7.274395e-01  2.419287e-01  3.012942e-01  1.312657e+00
-2.240000e+02  8.153796e-01  2.656680e-01  3.249028e-01  1.392153e+00
-2.230000e+02  9.014855e-01  2.907615e-01  3.408042e-01  1.469685e+00
-2.220000e+02  9.894433e-01  3.278113e-01  3.522453e-01  1.547229e+00
-2.210000e+02  1.078402e+00  3.945236e-01  3.630555e-01  1.621991e+00
-2.200000e+02  1.160718e+00  5.055699e-01  3.742605e-01  1.685943e+00
-2.190000e+02  1.225570e+00  6.689700e-01  3.812664e-01  1.732188e+00
-2.180000e+02  1.271061e+00  8.810961e-01  3.793285e-01  1.761434e+00
-2.170000e+02  1.294693e+00  1.124952e+00  3.612494e-01  1.779998e+00
-2.160000e+02  1.291295e+00  1.368641e+00  3.210901e-01  1.794160e+00
-2.150000e+02  1.255601e+00  1.570891e+00  2.589798e-01  1.807053e+00
-2.140000e+02  1.185705e+00  1.692080e+00  1.786953e-01  1.815401e+00
-2.130000e+02  1.086770e+00  1.706263e+00  8.585969e-02  1.813090e+00
-2.120000e+02  9.659880e-01  1.612053e+00 -1.761106e-02  1.796620e+00
-2.110000e+02  8.257881e-01  1.433730e+00 -1.358784e-01  1.771068e+00
-2.100000e+02  6.576094e-01  1.213331e+00 -2.792438e-01  1.744170e+00
-2.090000e+02  4.554408e-01  9.941463e-01 -4.522837e-01  1.720820e+00
-2.080000e+02  2.299382e-01  8.040512e-01 -6.443428e-01  1.698675e+00
-2.070000e+02 -1.009484e-04  6.509306e-01 -8.388154e-01  1.671911e+00
-2.060000e+02 -2.316851e-01  5.261380e-01 -1.031813e+00  1.634830e+00
-2.050000e+02 -4.814376e-01  4.169326e-01 -1.236110e+00  1.588038e+00
-2.040000e+02 -7.650980e-01  3.094445e-01 -1.464546e+00  1.535819e+00
-2.030000e+02 -1.085200e+00  1.845717e-01 -1.719809e+00  1.482648e+00
-2.020000e+02 -1.419278e+00  2.141181e-02 -1.984083e+00  1.429743e+00
-2.010000e+02 -1.741898e+00 -1.918163e-01 -2.234726e+00  1.375276e+00
-2.000000e+02 -2.040368e+00 -4.399861e-01 -2.458546e+00  1.314947e+00
-1.990000e+02 -2.323730e+00 -6.842619e-01 -2.662534e+00  1.247464e+00
-1.980000e+02 -2.604585e+00 -8.751043e-01 -2.858382e+00  1.175462e+00
-1.970000e+02 -2.890670e+00 -9.741531e-01 -3.052807e+00  1.102823e+00
-1.960000e+02 -3.185467e+00 -9.734295e-01 -3.249450e+00  1.033634e+00
-1.950000e+02 -3.488504e+00 -8.903087e-01 -3.449569e+00  9.694521e-01
-1.940000e+02 -3.798798e+00 -7.557829e-01 -3.651935e+00  9.054067e-01
-1.930000e+02 -4.105217e+00 -5.981212e-01 -3.847713e+00  8.371179e-01
-1.920000e+02 -4.395397e+00 -4.446360e-01 -4.028848e+00  7.658126e-01
-1.910000e+02 -4.662719e+00 -3.263234e-01 -4.193503e+00  6.992307e-01
-1.900000e+02 -4.916871e+00 -2.781156e-01 -4.350856e+00  6.439630e-01
-1.890000e+02 -5.163120e+00 -3.285558e-01 -4.505023e+00  5.987020e-01
-1.880000e+02 -5.399507e+00 -4.786332e-01 -4.653789e+00  5.570116e-01
-1.870000e+02 -5.611165e+00 -6.967265e-01 -4.787554e+00  5.175883e-01
-1.860000e+02 -5.791948e+00 -9.309580e-01 -4.903414e+00  4.858348e-01
-1.850000e+02 -5.949952e+00 -1.133566e+00 -5.006649e+00  4.652610e-01
-1.840000e+02 -6.093741e+00 -1.273804e+00 -5.100454e+00  4.536656e-01
-1.830000e+02 -6.217062e+00 -1.345458e+00 -5.176858e+00  4.453840e-01
-1.820000e+02 -6.314806e+00 -1.364256e+00 -5.231371e+00  4.388813e-01
-1.810000e+02 -6.394125e+00 -1.357523e+00 -5.271432e+00  4.358761e-01
-1.800000e+02 -6.462512e+00 -1.347044e+00 -5.305712e+00  4.380595e-01
-1.790000e+02 -6.516327e+00 -1.337707e+00 -5.331002e+00  4.424572e-01
-1.780000e+02 -6.547134e+00 -1.314292e+00 -5.336464e+00  4.443830e-01
-1.770000e+02 -6.558794e+00 -1.254965e+00 -5.320363e+00  4.411211e-01
-1.760000e+02 -6.573328e+00 -1.150320e+00 -5.299098e+00  4.332850e-01
-1.750000e+02 -6.614985e+00 -1.016156e+00 -5.292991e+00  4.207958e-01
-1.740000e+02 -6.678705e+00 -8.884102e-01 -5.300088e+00  4.036957e-01
-1.730000e+02 -6.732463e+00 -8.028014e-01 -5.295641e+00  3.832802e-01
-1.720000e+02 -6.751481e+00 -7.767813e-01 -5.261180e+00  3.639120e-01
-1.710000e+02 -6.740051e+00 -7.966514e-01 -5.202012e+00  3.492446e-01
-1.700000e+02 -6.716877e+00 -8.273539e-01 -5.134483e+00  3.386603e-01
-1.690000e+02 -6.699131e+00 -8.344185e-01 -5.070497e+00  3.278007e-01
-1.680000e+02 -6.691814e+00 -8.033306e-01 -5.013736e+00  3.158144e-01
-1.670000e+02 -6.681416e+00 -7.528836e-01 -4.957373e+00  3.079258e-01
-1.660000e+02 -6.645246e+00 -7.221310e-01 -4.887731e+00  3.082331e-01
-1.650000e+02 -6.579909e+00 -7.507400e-01 -4.799860e+00  3.140323e-01
-1.640000e+02 -6.510356e+00 -8.483662e-01 -4.705678e+00  3.171578e-01
-1.630000e+02 -6.467150e+00 -9.920895e-01 -4.624231e+00  3.129647e-01
-1.620000e+02 -6.448845e+00 -1.140441e+00 -4.557332e+00  3.029010e-01
-1.610000e+02 -6.416958e+00 -1.250085e+00 -4.482956e+00  2.920465e-01
-1.600000e+02 -6.335586e+00 -1.283636e+00 -4.375573e+00  2.797990e-01
-1.590000e+02 -6.209174e+00 -1.212873e+00 -4.233227e+00  2.625417e-01
-1.580000e+02 -6.070647e+00 -1.030316e+00 -4.073887e+00  2.382618e-01
-1.570000e+02 -5.952749e+00 -7.583556e-01 -3.920358e+00  2.085204e-01
-1.560000e+02 -5.864814e+00 -4.464492e-01 -3.783620e+00  1.743344e-01
-1.550000e+02 -5.792230e+00 -1.608065e-01 -3.658501e+00  1.366570e-01
-1.540000e+02 -5.718954e+00  3.830934e-02 -3.534756e+00  9.582118e-02
-1.530000e+02 -5.637254e+00  1.152270e-01 -3.405068e+00  5.402410e-02
-1.520000e+02 -5.548797e+00  7.185479e-02 -3.268851e+00  1.166923e-02
-1.510000e+02 -5.459788e+00 -5.399457e-02 -3.131911e+00 -3.115696e-02
-1.500000e+02 -5.391080e+00 -2.101722e-01 -3.010340e+00 -7.572786e-02
-1.490000e+02 -5.355244e+00 -3.546531e-01 -2.914543e+00 -1.219235e-01
-1.480000e+02 -5.335787e+00 -4.739679e-01 -2.835773e+00 -1.670487e-01
-1.470000e+02 -5.288702e+00 -5.769704e-01 -2.748364e+00 -2.064903e-01
-1.460000e+02 -5.188486e+00 -6.738908e-01 -2.636141e+00 -2.393262e-01
-1.450000e+02 -5.053932e+00 -7.582009e-01 -2.509164e+00 -2.679369e-01
-1.440000e+02 -4.931721e+00 -8.042604e-01 -2.394339e+00 -2.965003e-01
-1.430000e+02 -4.840588e+00 -7.848046e-01 -2.302768e+00 -3.268282e-01
-1.420000e+02 -4.745103e+00 -6.877211e-01 -2.211885e+00 -3.577963e-01
-1.410000e+02 -4.603390e+00 -5.289642e-01 -2.096873e+00 -3.867608e-01
-1.400000e+02 -4.419551e+00 -3.515465e-01 -1.963441e+00 -4.132908e-01
-1.390000e+02 -4.238682e+00 -2.092127e-01 -1.843217e+00 -4.385949e-01
-1.380000e+02 -4.087650e+00 -1.350861e-01 -1.749690e+00 -4.649191e-01
-1.370000e+02 -3.960829e+00 -1.235435e-01 -1.672672e+00 -4.932062e-01
-1.360000e+02 -3.847143e+00 -1.355667e-01 -1.603799e+00 -5.246166e-01
-1.350000e+02 -3.752891e+00 -1.302649e-01 -1.554127e+00 -5.601441e-01
-1.340000e+02 -3.677197e+00 -8.579742e-02 -1.529267e+00 -5.985614e-01
-1.330000e+02 -3.606165e+00 -8.663818e-03 -1.519202e+00 -6.374542e-01
-1.320000e+02 -3.526127e+00  8.081899e-02 -1.508811e+00 -6.752429e-01
-1.310000e+02 -3.454598e+00  1.540624e-01 -1.505393e+00 -7.145870e-01
-1.300000e+02 -3.416870e+00  1.842850e-01 -1.524567e+00 -7.575262e-01
-1.290000e+02 -3.423281e+00  1.568012e-01 -1.574300e+00 -8.044589e-01
-1.280000e+02 -3.455099e+00  8.197111e-02 -1.644549e+00 -8.532965e-01
-1.270000e+02 -3.487918e+00 -3.088788e-03 -1.723061e+00 -9.012211e-01
-1.260000e+02 -3.519361e+00 -5.775068e-02 -1.811123e+00 -9.461601e-01
-1.250000e+02 -3.573567e+00 -6.450026e-02 -1.921231e+00 -9.910334e-01
-1.240000e+02 -3.669990e+00 -4.441030e-02 -2.057836e+00 -1.042388e+00
-1.230000e+02 -3.798824e+00 -4.235738e-02 -2.209878e+00 -1.102519e+00
-1.220000e+02 -3.941258e+00 -9.287884e-02 -2.369016e+00 -1.168041e+00
-1.210000e+02 -4.089648e+00 -1.977531e-01 -2.536471e+00 -1.235905e+00
-1.200000e+02 -4.242284e+00 -3.280024e-01 -2.710831e+00 -1.307846e+00
-1.190000e+02 -4.397937e+00 -4.497528e-01 -2.883794e+00 -1.387961e+00
-1.180000e+02 -4.557963e+00 -5.461056e-01 -3.048731e+00 -1.477916e+00
-1.170000e+02 -4.729108e+00 -6.183353e-01 -3.209135e+00 -1.576110e+00
-1.160000e+02 -4.916718e+00 -6.700365e-01 -3.373333e+00 -1.679405e+00
-1.150000e+02 -5.115290e+00 -6.928169e-01 -3.542649e+00 -1.786375e+00
-1.140000e+02 -5.308906e+00 -6.736395e-01 -3.708045e+00 -1.896331e+00
-1.130000e+02 -5.482912e+00 -6.135735e-01 -3.855745e+00 -2.009897e+00
-1.120000e+02 -5.643454e+00 -5.370851e-01 -3.984062e+00 -2.129339e+00
-1.110000e+02 -5.814349e+00 -4.811029e-01 -4.105747e+00 -2.257479e+00
-1.100000e+02 -6.009606e+00 -4.771558e-01 -4.231466e+00 -2.392798e+00
-1.090000e+02 -6.221938e+00 -5.406810e-01 -4.361319e+00 -2.529214e+00
-1.080000e+02 -6.431834e+00 -6.650763e-01 -4.488275e+00 -2.659433e+00
-1.070000e+02 -6.628209e+00 -8.260678e-01 -4.607552e+00 -2.781835e+00
-1.060000e+02 -6.807593e+00 -9.912723e-01 -4.712888e+00 -2.899852e+00
-1.050000e+02 -6.975584e+00 -1.132320e+00 -4.800922e+00 -3.018084e+00
-1.040000e+02 -7.135005e+00 -1.235535e+00 -4.872586e+00 -3.137137e+00
-1.030000e+02 -7.285808e+00 -1.300827e+00 -4.933465e+00 -3.254870e+00
-1.020000e+02 -7.417227e+00 -1.337191e+00 -4.980238e+00 -3.369468e+00
-1.010000e+02 -7.522543e+00 -1.350485e+00 -5.004694e+00 -3.482581e+00
-1.000000e+02 -7.603272e+00 -1.335816e+00 -5.003389e+00 -3.595848e+00
-9.900000e+01 -7.672673e+00 -1.283335e+00 -4.985574e+00 -3.709283e+00
-9.800000e+01 -7.737120e+00 -1.186869e+00 -4.958973e+00 -3.820864e+00
-9.700000e+01 -7.796102e+00 -1.059209e+00 -4.923652e+00 -3.929795e+00
-9.600000e+01 -7.835767e+00 -9.278161e-01 -4.868489e+00 -4.035529e+00
-9.500000e+01 -7.844092e+00 -8.232814e-01 -4.784415e+00 -4.135921e+00
-9.400000e+01 -7.823491e+00 -7.611236e-01 -4.675829e+00 -4.228097e+00
-9.300000e+01 -7.790247e+00 -7.370990e-01 -4.556987e+00 -4.311024e+00
-9.200000e+01 -7.755351e+00 -7.363058e-01 -4.434173e+00 -4.388613e+00
-9.100000e+01 -7.708063e+00 -7.468595e-01 -4.296754e+00 -4.463131e+00
-9.000000e+01 -7.628037e+00 -7.649868e-01 -4.131677e+00 -4.531127e+00
-8.900000e+01 -7.502383e+00 -7.858353e-01 -3.934275e+00 -4.586784e+00
-8.800000e+01 -7.333968e+00 -8.003108e-01 -3.710761e+00 -4.627210e+00
-8.700000e+01 -7.144405e+00 -7.967392e-01 -3.478373e+00 -4.654582e+00
-8.600000e+01 -6.957196e+00 -7.643182e-01 -3.254199e+00 -4.671843e+00
-8.500000e+01 -6.781273e+00 -6.935497e-01 -3.043399e+00 -4.679647e+00
-8.400000e+01 -6.604970e+00 -5.833126e-01 -2.834457e+00 -4.678258e+00
-8.300000e+01 -6.412791e+00 -4.513861e-01 -2.611877e+00 -4.670495e+00
-8.200000e+01 -6.208243e+00 -3.319384e-01 -2.375861e+00 -4.659895e+00
-8.100000e+01 -6.006479e+00 -2.631137e-01 -2.139027e+00 -4.647983e+00
-8.000000e+01 -5.825415e+00 -2.648864e-01 -1.919735e+00 -4.632384e+00
-7.900000e+01 -5.672175e+00 -3.326120e-01 -1.728072e+00 -4.608324e+00
-7.800000e+01 -5.536994e+00 -4.409308e-01 -1.556923e+00 -4.573457e+00
-7.700000e+01 -5.391511e+00 -5.600214e-01 -1.381883e+00 -4.530788e+00
-7.600000e+01 -5.213131e+00 -6.666380e-01 -1.184977e+00 -4.483351e+00
-7.500000e+01 -5.005105e+00 -7.463243e-01 -9.722867e-01 -4.430002e+00
-7.400000e+01 -4.800766e+00 -7.945124e-01 -7.738642e-01 -4.367716e+00
-7.300000e+01 -4.631790e+00 -8.068183e-01 -6.149142e-01 -4.296441e+00
-7.200000e+01 -4.501976e+00 -7.760757e-01 -4.949323e-01 -4.219902e+00
-7.100000e+01 -4.384872e+00 -6.948029e-01 -3.883706e-01 -4.141146e+00
-7.000000e+01 -4.248711e+00 -5.674321e-01 -2.674407e-01 -4.060638e+00
-6.900000e+01 -4.083845e+00 -4.201415e-01 -1.254527e-01 -3.977886e+00
-6.800000e+01 -3.915088e+00 -2.893671e-01  1.382814e-02 -3.892359e+00
-6.700000e+01 -3.774879e+00 -2.087655e-01  1.225954e-01 -3.804414e+00
-6.600000e+01 -3.671266e+00 -1.866021e-01  1.970781e-01 -3.714926e+00
-6.500000e+01 -3.584818e+00 -2.117154e-01  2.577322e-01 -3.626292e+00
-6.400000e+01 -3.488296e+00 -2.588558e-01  3.292321e-01 -3.541147e+00
-6.300000e+01 -3.369707e+00 -2.968492e-01  4.211449e-01 -3.462560e+00
-6.200000e+01 -3.241552e+00 -2.970912e-01  5.197715e-01 -3.390189e+00
-6.100000e+01 -3.127462e+00 -2.449087e-01  6.007422e-01 -3.319854e+00
-6.000000e+01 -3.045585e+00 -1.556298e-01  6.479151e-01 -3.248415e+00
-5.900000e+01 -2.996642e+00 -6.110335e-02  6.649277e-01 -3.177344e+00
-5.800000e+01 -2.978969e+00  8.520571e-03  6.623298e-01 -3.112333e+00
-5.700000e+01 -2.984507e+00  3.813621e-02  6.536951e-01 -3.058486e+00
-5.600000e+01 -3.008623e+00  2.859636e-02  6.413157e-01 -3.016084e+00
-5.500000e+01 -3.043948e+00 -1.490077e-02  6.215742e-01 -2.980214e+00
-5.400000e+01 -3.095134e+00 -8.608983e-02  5.832646e-01 -2.945546e+00
-5.300000e+01 -3.164528e+00 -1.791673e-01  5.258736e-01 -2.911252e+00
-5.200000e+01 -3.245587e+00 -2.858249e-01  4.611924e-01 -2.880495e+00
-5.100000e+01 -3.313586e+00 -3.912395e-01  4.101114e-01 -2.853914e+00
-5.000000e+01 -3.357791e+00 -4.737699e-01  3.762604e-01 -2.828910e+00
-4.900000e+01 -3.383344e+00 -5.072143e-01  3.497971e-01 -2.801318e+00
-4.800000e+01 -3.404202e+00 -4.734281e-01  3.174473e-01 -2.767347e+00
-4.700000e+01 -3.425614e+00 -3.808793e-01  2.761106e-01 -2.724925e+00
-4.600000e+01 -3.439650e+00 -2.697964e-01  2.336417e-01 -2.675223e+00
-4.500000e+01 -3.431870e+00 -1.954868e-01  2.014245e-01 -2.621292e+00
-4.400000e+01 -3.401522e+00 -1.946452e-01  1.805308e-01 -2.564953e+00
-4.300000e+01 -3.361567e+00 -2.652075e-01  1.627477e-01 -2.504918e+00
-4.200000e+01 -3.318195e+00 -3.744179e-01  1.441979e-01 -2.438171e+00
-4.100000e+01 -3.254219e+00 -4.808942e-01  1.370526e-01 -2.361947e+00
-4.000000e+01 -3.136602e+00 -5.562105e-01  1.633085e-01 -2.272752e+00
-3.900000e+01 -2.935283e+00 -5.907770e-01  2.423703e-01 -2.166796e+00
-3.800000e+01 -2.632259e+00 -5.938547e-01  3.841044e-01 -2.040686e+00
-3.700000e+01 -2.213230e+00 -5.822719e-01  5.936092e-01 -1.890724e+00
-3.600000e+01 -1.662940e+00 -5.759435e-01  8.756745e-01 -1.711883e+00
-3.500000e+01 -9.588180e-01 -5.925003e-01  1.243384e+00 -1.499556e+00
-3.400000e+01 -7.738355e-02 -6.435843e-01  1.714295e+00 -1.251410e+00
-3.300000e+01  9.993970e-01 -7.267589e-01  2.302592e+00 -9.666509e-01
-3.200000e+01  2.269156e+00 -8.221210e-01  3.004201e+00 -6.432501e-01
-3.100000e+01  3.710887e+00 -9.008350e-01  3.798108e+00 -2.778627e-01
-3.000000e+01  5.302282e+00 -9.398114e-01  4.665354e+00  1.316521e-01
-2.900000e+01  7.033239e+00 -9.369817e-01  5.601970e+00  5.836730e-01
-2.800000e+01  8.908368e+00 -9.079123e-01  6.617570e+00  1.074207e+00
-2.700000e+01  1.093663e+01 -8.732004e-01  7.721118e+00  1.601080e+00
-2.600000e+01  1.312116e+01 -8.456340e-01  8.913871e+00  2.165107e+00
-2.500000e+01  1.545152e+01 -8.259147e-01  1.018625e+01  2.766796e+00
-2.400000e+01  1.791083e+01 -8.045883e-01  1.152676e+01  3.402825e+00
-2.300000e+01  2.048294e+01 -7.629913e-01  1.292670e+01  4.066918e+00
-2.200000e+01  2.315965e+01 -6.728376e-01  1.438551e+01  4.753976e+00
-2.100000e+01  2.593666e+01 -5.060614e-01  1.590396e+01  5.461899e+00
-2.000000e+01  2.881560e+01 -2.497648e-01  1.748723e+01  6.190106e+00
-1.900000e+01  3.178624e+01  7.866846e-02  1.913085e+01  6.934344e+00
-1.800000e+01  3.481449e+01  4.363902e-01  2.081299e+01  7.687014e+00
-1.700000e+01  3.784961e+01  7.736383e-01  2.249871e+01  8.440424e+00
-1.600000e+01  4.085762e+01  1.059232e+00  2.416853e+01  9.190426e+00
-1.500000e+01  4.383621e+01  1.293686e+00  2.582650e+01  9.933632e+00
-1.400000e+01  4.679987e+01  1.503465e+00  2.748732e+01  1.066668e+01
-1.300000e+01  4.974404e+01  1.720883e+00  2.914745e+01  1.138489e+01
-1.200000e+01  5.263534e+01  1.970628e+00  3.078399e+01  1.208218e+01
-1.100000e+01  5.543259e+01  2.274914e+00  3.236997e+01  1.275195e+01
-1.000000e+01  5.810788e+01  2.664632e+00  3.389045e+01  1.338880e+01
-9.000000e+00  6.064580e+01  3.188856e+00  3.533685e+01  1.399082e+01
-8.000000e+00  6.303254e+01  3.928471e+00  3.669963e+01  1.455839e+01
-7.000000e+00  6.524843e+01  5.036065e+00  3.796501e+01  1.508849e+01
-6.000000e+00  6.727243e+01  6.784663e+00  3.912306e+01  1.557265e+01
-5.000000e+00  6.907119e+01  9.561457e+00  4.015680e+01  1.600005e+01
-4.000000e+00  7.058994e+01  1.370074e+01  4.103316e+01  1.636140e+01
-3.000000e+00  7.177278e+01  1.912013e+01  4.171386e+01  1.665167e+01
-2.000000e+00  7.259101e+01  2.495554e+01  4.217836e+01  1.687118e+01
-1.000000e+00  7.305362e+01  2.959576e+01  4.243399e+01  1.702358e+01
 0.000000e+00  7.317826e+01  3.138233e+01  4.249540e+01  1.710998e+01
 1.000000e+00  7.296039e+01  2.960014e+01  4.235951e+01  1.712586e+01
 2.000000e+00  7.238287e+01  2.496637e+01  4.201508e+01  1.706358e+01
 3.000000e+00  7.144864e+01  1.913816e+01  4.146595e+01  1.692017e+01
 4.000000e+00  7.019713e+01  1.372298e+01  4.073855e+01  1.670117e+01
 5.000000e+00  6.868818e+01  9.580650e+00  3.986925e+01  1.641722e+01
 6.000000e+00  6.696696e+01  6.794369e+00  3.888517e+01  1.607453e+01
 7.000000e+00  6.504417e+01  5.031223e+00  3.779326e+01  1.567196e+01
 8.000000e+00  6.291432e+01  3.899203e+00  3.659180e+01  1.520643e+01
 9.000000e+00  6.058465e+01  3.120977e+00  3.528687e+01  1.467956e+01
 1.000000e+01  5.809300e+01  2.548479e+00  3.390107e+01  1.409984e+01
 1.100000e+01  5.548598e+01  2.111939e+00  3.245967e+01  1.347759e+01
 1.200000e+01  5.279936e+01  1.773153e+00  3.098321e+01  1.282080e+01
 1.300000e+01  5.004274e+01  1.501463e+00  2.947610e+01  1.213505e+01
 1.400000e+01  4.721737e+01  1.273603e+00  2.793507e+01  1.142600e+01
 1.500000e+01  4.432779e+01  1.068786e+00  2.635755e+01  1.069811e+01
 1.600000e+01  4.138776e+01  8.594274e-01  2.474999e+01  9.955961e+00
 1.700000e+01  3.842480e+01  6.149704e-01  2.313042e+01  9.205270e+00
 1.800000e+01  3.548043e+01  3.218391e-01  2.152494e+01  8.454769e+00
 1.900000e+01  3.258898e+01  1.710574e-03  1.995237e+01  7.711656e+00
 2.000000e+01  2.975921e+01 -2.970911e-01  1.841564e+01  6.980018e+00
 2.100000e+01  2.697659e+01 -5.295977e-01  1.690476e+01  6.259088e+00
 2.200000e+01  2.424270e+01 -6.772593e-01  1.542280e+01  5.548083e+00
 2.300000e+01  2.158734e+01 -7.548807e-01  1.398897e+01  4.850185e+00
 2.400000e+01  1.905900e+01 -7.927372e-01  1.263158e+01  4.173532e+00
 2.500000e+01  1.668887e+01 -8.205959e-01  1.136879e+01  3.524224e+00
 2.600000e+01  1.447671e+01 -8.538261e-01  1.020005e+01  2.905751e+00
 2.700000e+01  1.239798e+01 -8.963847e-01  9.109135e+00  2.318789e+00
 2.800000e+01  1.044018e+01 -9.422699e-01  8.085863e+00  1.763972e+00
 2.900000e+01  8.618977e+00 -9.771539e-01  7.136817e+00  1.243242e+00
 3.000000e+01  6.970989e+00 -9.801236e-01  6.283178e+00  7.608677e-01
 3.100000e+01  5.522543e+00 -9.342704e-01  5.542519e+00  3.212582e-01
 3.200000e+01  4.276484e+00 -8.438639e-01  4.917781e+00 -7.584511e-02
 3.300000e+01  3.214428e+00 -7.334745e-01  4.396854e+00 -4.346587e-01
 3.400000e+01  2.315658e+00 -6.352285e-01  3.967166e+00 -7.597629e-01
 3.500000e+01  1.560487e+00 -5.677266e-01  3.619121e+00 -1.052132e+00
 3.600000e+01  9.324189e-01 -5.320611e-01  3.343590e+00 -1.310819e+00
 3.700000e+01  4.212528e-01 -5.142273e-01  3.131955e+00 -1.534982e+00
 3.800000e+01  2.172113e-02 -4.992553e-01  2.976925e+00 -1.726057e+00
 3.900000e+01 -2.804951e-01 -4.710813e-01  2.865844e+00 -1.885831e+00
 4.000000e+01 -5.132993e-01 -4.158981e-01  2.779473e+00 -2.014943e+00
 4.100000e+01 -7.084598e-01 -3.280031e-01  2.699688e+00 -2.114803e+00
 4.200000e+01 -8.802116e-01 -2.178748e-01  2.620221e+00 -2.189092e+00
 4.300000e+01 -1.017907e+00 -1.162963e-01  2.548806e+00 -2.241607e+00
 4.400000e+01 -1.110992e+00 -5.786480e-02  2.490368e+00 -2.273199e+00
 4.500000e+01 -1.165543e+00 -6.589994e-02  2.438820e+00 -2.282724e+00
 4.600000e+01 -1.195626e+00 -1.351496e-01  2.385203e+00 -2.271051e+00
 4.700000e+01 -1.211360e+00 -2.324597e-01  2.326552e+00 -2.242550e+00
 4.800000e+01 -1.229032e+00 -3.147933e-01  2.256517e+00 -2.202656e+00
 4.900000e+01 -1.264639e+00 -3.496532e-01  2.168324e+00 -2.155359e+00
 5.000000e+01 -1.316967e+00 -3.307270e-01  2.064552e+00 -2.102756e+00
 5.100000e+01 -1.371606e+00 -2.691663e-01  1.954683e+00 -2.047310e+00
 5.200000e+01 -1.416987e+00 -1.847483e-01  1.845493e+00 -1.992187e+00
 5.300000e+01 -1.457458e+00 -9.390506e-02  1.734456e+00 -1.939868e+00
 5.400000e+01 -1.501501e+00 -7.896043e-03  1.618996e+00 -1.891179e+00
 5.500000e+01 -1.561295e+00  6.858756e-02  1.495655e+00 -1.846022e+00
 5.600000e+01 -1.632717e+00  1.290246e-01  1.370555e+00 -1.803679e+00
 5.700000e+01 -1.702476e+00  1.616976e-01  1.252276e+00 -1.763713e+00
 5.800000e+01 -1.763265e+00  1.466629e-01  1.141093e+00 -1.724608e+00
 5.900000e+01 -1.828914e+00  7.612184e-02  1.023544e+00 -1.685246e+00
 6.000000e+01 -1.917070e+00 -3.472538e-02  8.866815e-01 -1.646151e+00
 6.100000e+01 -2.030494e+00 -1.487163e-01  7.303443e-01 -1.608889e+00
 6.200000e+01 -2.156154e+00 -2.279861e-01  5.671371e-01 -1.575126e+00
 6.300000e+01 -2.282568e+00 -2.582598e-01  4.076360e-01 -1.546350e+00
 6.400000e+01 -2.408532e+00 -2.534479e-01  2.544166e-01 -1.524928e+00
 6.500000e+01 -2.538455e+00 -2.469118e-01  1.032053e-01 -1.511350e+00
 6.600000e+01 -2.676375e+00 -2.701668e-01 -5.131821e-02 -1.502275e+00
 6.700000e+01 -2.824206e+00 -3.407256e-01 -2.136263e-01 -1.492912e+00
 6.800000e+01 -2.976579e+00 -4.578438e-01 -3.809764e-01 -1.480706e+00
 6.900000e+01 -3.123047e+00 -6.013668e-01 -5.451417e-01 -1.465116e+00
 7.000000e+01 -3.257571e+00 -7.443371e-01 -6.978428e-01 -1.449606e+00
 7.100000e+01 -3.378192e+00 -8.625668e-01 -8.360291e-01 -1.437230e+00
 7.200000e+01 -3.486874e+00 -9.447671e-01 -9.623110e-01 -1.429747e+00
 7.300000e+01 -3.593595e+00 -9.864707e-01 -1.084874e+00 -1.427699e+00
 7.400000e+01 -3.705731e+00 -9.853767e-01 -1.207264e+00 -1.431782e+00
 7.500000e+01 -3.810573e+00 -9.429896e-01 -1.318288e+00 -1.440227e+00
 7.600000e+01 -3.893232e+00 -8.655267e-01 -1.405973e+00 -1.451968e+00
 7.700000e+01 -3.950507e+00 -7.617863e-01 -1.468160e+00 -1.467785e+00
 7.800000e+01 -3.995227e+00 -6.436530e-01 -1.514333e+00 -1.490119e+00
 7.900000e+01 -4.050140e+00 -5.276285e-01 -1.562360e+00 -1.518877e+00
 8.000000e+01 -4.136016e+00 -4.381242e-01 -1.629662e+00 -1.552393e+00
 8.100000e+01 -4.249423e+00 -4.011304e-01 -1.718395e+00 -1.587558e+00
 8.200000e+01 -4.360928e+00 -4.304903e-01 -1.809590e+00 -1.621892e+00
 8.300000e+01 -4.434004e+00 -5.151987e-01 -1.875953e+00 -1.652508e+00
 8.400000e+01 -4.458094e+00 -6.254900e-01 -1.907538e+00 -1.677552e+00
 8.500000e+01 -4.460313e+00 -7.310062e-01 -1.923881e+00 -1.697476e+00
 8.600000e+01 -4.480256e+00 -8.157033e-01 -1.955267e+00 -1.714470e+00
 8.700000e+01 -4.531268e+00 -8.773128e-01 -2.014585e+00 -1.727366e+00
 8.800000e+01 -4.588207e+00 -9.159940e-01 -2.085982e+00 -1.731879e+00
 8.900000e+01 -4.613367e+00 -9.283653e-01 -2.143541e+00 -1.723281e+00
 9.000000e+01 -4.594963e+00 -9.081249e-01 -2.177927e+00 -1.701765e+00
 9.100000e+01 -4.562934e+00 -8.559281e-01 -2.208349e+00 -1.672522e+00
 9.200000e+01 -4.555947e+00 -7.840084e-01 -2.259198e+00 -1.643763e+00
 9.300000e+01 -4.585198e+00 -7.159716e-01 -2.336024e+00 -1.619433e+00
 9.400000e+01 -4.628837e+00 -6.763849e-01 -2.422110e+00 -1.598073e+00
 9.500000e+01 -4.662339e+00 -6.818903e-01 -2.498921e+00 -1.576414e+00
 9.600000e+01 -4.672075e+00 -7.352456e-01 -2.554767e+00 -1.554500e+00
 9.700000e+01 -4.663156e+00 -8.223319e-01 -2.592997e+00 -1.532028e+00
 9.800000e+01 -4.650125e+00 -9.151275e-01 -2.624956e+00 -1.508393e+00
 9.900000e+01 -4.652888e+00 -9.851915e-01 -2.666934e+00 -1.483343e+00
 1.000000e+02 -4.679245e+00 -1.018084e+00 -2.725275e+00 -1.459399e+00
 1.010000e+02 -4.722625e+00 -1.013218e+00 -2.794566e+00 -1.438349e+00
 1.020000e+02 -4.766519e+00 -9.763537e-01 -2.861441e+00 -1.419217e+00
 1.030000e+02 -4.802013e+00 -9.111005e-01 -2.919435e+00 -1.397938e+00
 1.040000e+02 -4.833362e+00 -8.238135e-01 -2.973455e+00 -1.372032e+00
 1.050000e+02 -4.873137e+00 -7.201994e-01 -3.035937e+00 -1.341526e+00
 1.060000e+02 -4.932386e+00 -6.091058e-01 -3.116344e+00 -1.309626e+00
 1.070000e+02 -5.001559e+00 -5.000040e-01 -3.207615e+00 -1.277567e+00
 1.080000e+02 -5.060735e+00 -4.065514e-01 -3.294210e+00 -1.243640e+00
 1.090000e+02 -5.102887e+00 -3.465762e-01 -3.370554e+00 -1.204353e+00
 1.100000e+02 -5.138060e+00 -3.353843e-01 -3.443956e+00 -1.158594e+00
 1.110000e+02 -5.179541e+00 -3.776054e-01 -3.524591e+00 -1.107116e+00
 1.120000e+02 -5.231606e+00 -4.579976e-01 -3.616188e+00 -1.052331e+00
 1.130000e+02 -5.289757e+00 -5.460351e-01 -3.714534e+00 -9.976255e-01
 1.140000e+02 -5.342576e+00 -6.118988e-01 -3.807351e+00 -9.460510e-01
 1.150000e+02 -5.379798e+00 -6.442357e-01 -3.882624e+00 -8.983027e-01
 1.160000e+02 -5.407074e+00 -6.551519e-01 -3.944276e+00 -8.535156e-01
 1.170000e+02 -5.436837e+00 -6.599291e-01 -4.004614e+00 -8.107710e-01
 1.180000e+02 -5.465985e+00 -6.561015e-01 -4.063296e+00 -7.694992e-01
 1.190000e+02 -5.480753e+00 -6.237694e-01 -4.107249e+00 -7.310754e-01
 1.200000e+02 -5.476506e+00 -5.502788e-01 -4.127785e+00 -6.988541e-01
 1.210000e+02 -5.478096e+00 -4.523028e-01 -4.139955e+00 -6.767050e-01
 1.220000e+02 -5.510237e+00 -3.659830e-01 -4.163332e+00 -6.649746e-01
 1.230000e+02 -5.578089e+00 -3.204572e-01 -4.204932e+00 -6.603524e-01
 1.240000e+02 -5.662348e+00 -3.122573e-01 -4.252164e+00 -6.587914e-01
 1.250000e+02 -5.741159e+00 -3.081578e-01 -4.289561e+00 -6.591025e-01
 1.260000e+02 -5.809559e+00 -2.731873e-01 -4.315381e+00 -6.613109e-01
 1.270000e+02 -5.878061e+00 -1.967295e-01 -4.339421e+00 -6.651955e-01
 1.280000e+02 -5.958984e+00 -1.019508e-01 -4.371525e+00 -6.688914e-01
 1.290000e+02 -6.052204e+00 -2.879509e-02 -4.411820e+00 -6.704573e-01
 1.300000e+02 -6.150100e+00 -1.185480e-02 -4.455640e+00 -6.690356e-01
 1.310000e+02 -6.243715e+00 -6.076982e-02 -4.496564e+00 -6.654475e-01
 1.320000e+02 -6.324397e+00 -1.575632e-01 -4.527687e+00 -6.610175e-01
 1.330000e+02 -6.387433e+00 -2.674899e-01 -4.544506e+00 -6.571500e-01
 1.340000e+02 -6.430586e+00 -3.573834e-01 -4.545997e+00 -6.537386e-01
 1.350000e+02 -6.456292e+00 -4.113388e-01 -4.535677e+00 -6.508329e-01
 1.360000e+02 -6.473571e+00 -4.343654e-01 -4.520796e+00 -6.491511e-01
 1.370000e+02 -6.494803e+00 -4.500332e-01 -4.507227e+00 -6.510092e-01
 1.380000e+02 -6.524251e+00 -4.911071e-01 -4.491809e+00 -6.594153e-01
 1.390000e+02 -6.552723e+00 -5.834821e-01 -4.464283e+00 -6.762416e-01
 1.400000e+02 -6.568419e+00 -7.298493e-01 -4.420067e+00 -6.989359e-01
 1.410000e+02 -6.571673e+00 -8.997510e-01 -4.366023e+00 -7.243467e-01
 1.420000e+02 -6.576588e+00 -1.044902e+00 -4.313538e+00 -7.514861e-01
 1.430000e+02 -6.602944e+00 -1.126757e+00 -4.270274e+00 -7.850594e-01
 1.440000e+02 -6.659715e+00 -1.133415e+00 -4.238435e+00 -8.288627e-01
 1.450000e+02 -6.738428e+00 -1.079269e+00 -4.215161e+00 -8.828420e-01
 1.460000e+02 -6.819784e+00 -9.829449e-01 -4.193788e+00 -9.411419e-01
 1.470000e+02 -6.887761e+00 -8.575751e-01 -4.166594e+00 -9.984125e-01
 1.480000e+02 -6.951820e+00 -7.023250e-01 -4.140368e+00 -1.053392e+00
 1.490000e+02 -7.028013e+00 -5.129898e-01 -4.124197e+00 -1.109048e+00
 1.500000e+02 -7.127550e+00 -3.013709e-01 -4.125732e+00 -1.167732e+00
 1.510000e+02 -7.252668e+00 -1.045968e-01 -4.148246e+00 -1.231296e+00
 1.520000e+02 -7.403928e+00  1.907153e-02 -4.194894e+00 -1.299494e+00
 1.530000e+02 -7.571460e+00  1.719255e-02 -4.260475e+00 -1.368919e+00
 1.540000e+02 -7.733767e+00 -1.300662e-01 -4.331537e+00 -1.434660e+00
 1.550000e+02 -7.873943e+00 -3.961184e-01 -4.395830e+00 -1.494408e+00
 1.560000e+02 -7.991605e+00 -7.172848e-01 -4.449836e+00 -1.550895e+00
 1.570000e+02 -8.102032e+00 -1.025444e+00 -4.501587e+00 -1.608393e+00
 1.580000e+02 -8.219118e+00 -1.267311e+00 -4.562675e+00 -1.668032e+00
 1.590000e+02 -8.342876e+00 -1.416752e+00 -4.637092e+00 -1.726438e+00
 1.600000e+02 -8.455768e+00 -1.467177e+00 -4.712020e+00 -1.780689e+00
 1.610000e+02 -8.544757e+00 -1.427143e+00 -4.772275e+00 -1.832429e+00
 1.620000e+02 -8.608404e+00 -1.318187e+00 -4.810324e+00 -1.884858e+00
 1.630000e+02 -8.665529e+00 -1.174174e+00 -4.839316e+00 -1.940177e+00
 1.640000e+02 -8.739214e+00 -1.040040e+00 -4.880189e+00 -1.998525e+00
 1.650000e+02 -8.845399e+00 -9.564175e-01 -4.947386e+00 -2.060850e+00
 1.660000e+02 -8.971350e+00 -9.407660e-01 -5.030069e+00 -2.126867e+00
 1.670000e+02 -9.089798e+00 -9.767912e-01 -5.105898e+00 -2.195256e+00
 1.680000e+02 -9.182532e+00 -1.023841e+00 -5.161265e+00 -2.261577e+00
 1.690000e+02 -9.254364e+00 -1.043659e+00 -5.202753e+00 -2.322196e+00
 1.700000e+02 -9.320454e+00 -1.023532e+00 -5.243525e+00 -2.377500e+00
 1.710000e+02 -9.385277e+00 -9.812827e-01 -5.288241e+00 -2.430655e+00
 1.720000e+02 -9.443237e+00 -9.527204e-01 -5.332561e+00 -2.482443e+00
 1.730000e+02 -9.488165e+00 -9.695219e-01 -5.371013e+00 -2.531101e+00
 1.740000e+02 -9.515845e+00 -1.040840e+00 -5.397057e+00 -2.574416e+00
 1.750000e+02 -9.518253e+00 -1.152007e+00 -5.402496e+00 -2.610684e+00
 1.760000e+02 -9.480914e+00 -1.270170e+00 -5.378882e+00 -2.638425e+00
 1.770000e+02 -9.395317e+00 -1.365979e+00 -5.326268e+00 -2.655146e+00
 1.780000e+02 -9.266566e+00 -1.424467e+00 -5.252021e+00 -2.660172e+00
 1.790000e+02 -9.114631e+00 -1.449572e+00 -5.167454e+00 -2.656067e+00
 1.800000e+02 -8.947512e+00 -1.457280e+00 -5.070603e+00 -2.647740e+00
 1.810000e+02 -8.748646e+00 -1.463815e+00 -4.944164e+00 -2.635987e+00
 1.820000e+02 -8.493671e+00 -1.473842e+00 -4.771574e+00 -2.619628e+00
 1.830000e+02 -8.179667e+00 -1.472213e+00 -4.556800e+00 -2.597453e+00
 1.840000e+02 -7.824704e+00 -1.428934e+00 -4.315696e+00 -2.571349e+00
 1.850000e+02 -7.449979e+00 -1.314453e+00 -4.060589e+00 -2.542328e+00
 1.860000e+02 -7.061797e+00 -1.122138e+00 -3.791796e+00 -2.509446e+00
 1.870000e+02 -6.659603e+00 -8.757391e-01 -3.510127e+00 -2.469868e+00
 1.880000e+02 -6.243531e+00 -6.247572e-01 -3.219598e+00 -2.423223e+00
 1.890000e+02 -5.815360e+00 -4.232435e-01 -2.923474e+00 -2.370503e+00
 1.900000e+02 -5.379632e+00 -3.069108e-01 -2.623259e+00 -2.313005e+00
 1.910000e+02 -4.938805e+00 -2.786724e-01 -2.318003e+00 -2.251260e+00
 1.920000e+02 -4.500447e+00 -3.130599e-01 -2.011759e+00 -2.187539e+00
 1.930000e+02 -4.069535e+00 -3.804033e-01 -1.709519e+00 -2.123435e+00
 1.940000e+02 -3.641752e+00 -4.606021e-01 -1.409837e+00 -2.058839e+00
 1.950000e+02 -3.203128e+00 -5.411570e-01 -1.105189e+00 -1.991003e+00
 1.960000e+02 -2.742265e+00 -6.035342e-01 -7.901778e-01 -1.917070e+00
 1.970000e+02 -2.256765e+00 -6.225323e-01 -4.649528e-01 -1.835836e+00
 1.980000e+02 -1.762391e+00 -5.777603e-01 -1.408197e-01 -1.748761e+00
 1.990000e+02 -1.282538e+00 -4.688407e-01  1.660147e-01 -1.656602e+00
 2.000000e+02 -8.324425e-01 -3.148630e-01  4.455557e-01 -1.557450e+00
 2.010000e+02 -4.025009e-01 -1.423742e-01  7.050442e-01 -1.450276e+00
 2.020000e+02  2.317733e-02  2.705703e-02  9.569598e-01 -1.339576e+00
 2.030000e+02  4.443374e-01  1.834707e-01  1.203913e+00 -1.232086e+00
 2.040000e+02  8.432803e-01  3.274188e-01  1.437472e+00 -1.130184e+00
 2.050000e+02  1.203376e+00  4.639632e-01  1.646639e+00 -1.029494e+00
 2.060000e+02  1.518336e+00  6.014302e-01  1.822610e+00 -9.248499e-01
 2.070000e+02  1.794937e+00  7.544422e-01  1.963658e+00 -8.157039e-01
 2.080000e+02  2.043418e+00  9.381238e-01  2.075593e+00 -7.078272e-01
 2.090000e+02  2.275271e+00  1.160583e+00  2.171981e+00 -6.059709e-01
 2.100000e+02  2.487554e+00  1.413290e+00  2.259252e+00 -5.114335e-01
 2.110000e+02  2.674567e+00  1.668991e+00  2.335695e+00 -4.212755e-01
 2.120000e+02  2.833676e+00  1.882328e+00  2.395686e+00 -3.344634e-01
 2.130000e+02  2.970018e+00  2.002856e+00  2.438946e+00 -2.535917e-01
 2.140000e+02  3.077419e+00  1.997519e+00  2.462506e+00 -1.824636e-01
 2.150000e+02  3.142758e+00  1.863652e+00  2.460678e+00 -1.221304e-01
 2.160000e+02  3.157485e+00  1.631259e+00  2.429614e+00 -7.203838e-02
 2.170000e+02  3.133895e+00  1.345333e+00  2.377014e+00 -2.991445e-02
 2.180000e+02  3.095032e+00  1.047339e+00  2.316133e+00  6.985184e-03
 2.190000e+02  3.052639e+00  7.637592e-01  2.253200e+00  4.164787e-02
 2.200000e+02  3.003276e+00  5.086348e-01  2.186087e+00  7.403869e-02
 2.210000e+02  2.944562e+00  2.944843e-01  2.115402e+00  1.026500e-01
 2.220000e+02  2.885589e+00  1.342251e-01  2.049452e+00  1.251003e-01
 2.230000e+02  2.833276e+00  3.434942e-02  1.994197e+00  1.411038e-01
 2.240000e+02  2.786813e+00 -9.300442e-03  1.948739e+00  1.516267e-01
 2.250000e+02  2.739087e+00 -7.728031e-03  1.906624e+00  1.576730e-01
 2.260000e+02  2.683236e+00  3.169100e-02  1.862395e+00  1.574901e-01
 2.270000e+02  2.606158e+00  9.865285e-02  1.807238e+00  1.483485e-01
 2.280000e+02  2.497762e+00  1.712220e-01  1.735516e+00  1.285988e-01
 2.290000e+02  2.352222e+00  2.093387e-01  1.642477e+00  1.006745e-01
 2.300000e+02  2.175050e+00  1.686246e-01  1.529523e+00  6.964165e-02
 2.310000e+02  1.979929e+00  3.001490e-02  1.403541e+00  3.874961e-02
 2.320000e+02  1.782896e+00 -1.818944e-01  1.276507e+00  6.512635e-03
 2.330000e+02  1.589228e+00 -4.078656e-01  1.156480e+00 -3.273359e-02
 2.340000e+02  1.394112e+00 -5.882756e-01  1.043895e+00 -8.209748e-02
 2.350000e+02  1.188160e+00 -6.930285e-01  9.303324e-01 -1.388387e-01
 2.360000e+02  9.770250e-01 -7.293966e-01  8.136675e-01 -1.956936e-01
 2.370000e+02  7.743903e-01 -7.271619e-01  6.972472e-01 -2.472234e-01
 2.380000e+02  5.918631e-01 -7.201605e-01  5.876277e-01 -2.924313e-01
 2.390000e+02  4.245881e-01 -7.312762e-01  4.842848e-01 -3.341417e-01
 2.400000e+02  2.713251e-01 -7.676700e-01  3.904972e-01 -3.745248e-01
 2.410000e+02  1.381882e-01 -8.214475e-01  3.116187e-01 -4.142474e-01
 2.420000e+02  3.150770e-02 -8.690330e-01  2.502905e-01 -4.515440e-01
 2.430000e+02 -5.323472e-02 -8.740798e-01  2.000579e-01 -4.846460e-01
 2.440000e+02 -1.266134e-01 -7.980539e-01  1.539131e-01 -5.148799e-01
 2.450000e+02 -1.902997e-01 -6.305322e-01  1.123562e-01 -5.452261e-01
 2.460000e+02 -2.342579e-01 -3.963086e-01  8.349782e-02 -5.762153e-01
 2.470000e+02 -2.486921e-01 -1.447798e-01  7.363922e-02 -6.050404e-01
 2.480000e+02 -2.349334e-01  8.312872e-02  8.113677e-02 -6.281024e-01
 2.490000e+02 -2.007326e-01  2.670181e-01  9.938403e-02 -6.438700e-01
 2.500000e+02 -1.538069e-01  4.066751e-01  1.221214e-01 -6.542929e-01
 2.510000e+02 -9.698050e-02  5.084617e-01  1.478276e-01 -6.623052e-01
 2.520000e+02 -3.185377e-02  5.771974e-01  1.781388e-01 -6.711475e-01
 2.530000e+02  4.455999e-02  6.135862e-01  2.185246e-01 -6.833784e-01
 2.540000e+02  1.348578e-01  6.179061e-01  2.731816e-01 -6.994643e-01
 2.550000e+02  2.323740e-01  5.914239e-01  3.396275e-01 -7.198196e-01
 2.560000e+02  3.259368e-01  5.412510e-01  4.099073e-01 -7.465607e-01
 2.570000e+02  4.154163e-01  4.736455e-01  4.810528e-01 -7.797660e-01
 2.580000e+02  5.068730e-01  3.891691e-01  5.547155e-01 -8.155399e-01
 2.590000e+02  6.060277e-01  2.860345e-01  6.336697e-01 -8.473965e-01
 2.600000e+02  7.098758e-01  1.654885e-01  7.154485e-01 -8.720377e-01
 2.610000e+02  8.221028e-01  4.181884e-02  8.037816e-01 -8.892170e-01
 2.620000e+02  9.478864e-01 -6.790805e-02  9.043765e-01 -8.992963e-01
 2.630000e+02  1.087059e+00 -1.468131e-01  1.019009e+00 -9.026978e-01
 2.640000e+02  1.227479e+00 -1.844427e-01  1.138385e+00 -9.028780e-01
 2.650000e+02  1.372721e+00 -1.759976e-01  1.261369e+00 -9.018409e-01
 2.660000e+02  1.537885e+00 -1.264779e-01  1.395529e+00 -8.966551e-01
 2.670000e+02  1.735080e+00 -4.741809e-02  1.547894e+00 -8.802521e-01
 2.680000e+02  1.950387e+00  4.418897e-02  1.709556e+00 -8.503664e-01
 2.690000e+02  2.155241e+00  1.332352e-01  1.861593e+00 -8.133297e-01
 2.700000e+02  2.325775e+00  2.076335e-01  1.988467e+00 -7.782857e-01
 2.710000e+02  2.468098e+00  2.679027e-01  2.095221e+00 -7.474727e-01
 2.720000e+02  2.605176e+00  3.211991e-01  2.198732e+00 -7.157654e-01
 2.730000e+02  2.746063e+00  3.704868e-01  2.303488e+00 -6.769447e-01
 2.740000e+02  2.875804e+00  4.070419e-01  2.394721e+00 -6.289239e-01
 2.750000e+02  2.981811e+00  4.148028e-01  2.460173e+00 -5.741077e-01
 2.760000e+02  3.066894e+00  3.830352e-01  2.503484e+00 -5.173672e-01
 2.770000e+02  3.139096e+00  3.215209e-01  2.535018e+00 -4.623279e-01
 2.780000e+02  3.194908e+00  2.602807e-01  2.554761e+00 -4.082079e-01
 2.790000e+02  3.219782e+00  2.358889e-01  2.551113e+00 -3.518527e-01
 2.800000e+02  3.204822e+00  2.640348e-01  2.514844e+00 -2.913318e-01
 2.810000e+02  3.155575e+00  3.248799e-01  2.448292e+00 -2.279074e-01
 2.820000e+02  3.079546e+00  3.743937e-01  2.356229e+00 -1.632350e-01
 2.830000e+02  2.974376e+00  3.769698e-01  2.238913e+00 -9.941603e-02
 2.840000e+02  2.835970e+00  3.352297e-01  2.096450e+00 -3.896675e-02
 2.850000e+02  2.677600e+00  2.838062e-01  1.939477e+00  1.718442e-02
 2.860000e+02  2.523460e+00  2.582504e-01  1.784365e+00  7.181870e-02
 2.870000e+02  2.381177e+00  2.593177e-01  1.635667e+00  1.285360e-01
 2.880000e+02  2.236473e+00  2.581541e-01  1.483221e+00  1.870523e-01
 2.890000e+02  2.076093e+00  2.231896e-01  1.317482e+00  2.449074e-01
 2.900000e+02  1.904345e+00  1.520392e-01  1.144410e+00  2.996996e-01
 2.910000e+02  1.727112e+00  7.012400e-02  9.730179e-01  3.499227e-01
 2.920000e+02  1.537091e+00  9.549195e-03  8.014938e-01  3.938005e-01
 2.930000e+02  1.325972e+00 -1.078961e-02  6.199218e-01  4.329139e-01
 2.940000e+02  1.095286e+00  8.332536e-03  4.227681e-01  4.696561e-01
 2.950000e+02  8.549978e-01  5.852877e-02  2.139791e-01  5.039338e-01
 2.960000e+02  6.220486e-01  1.281375e-01  9.756396e-03  5.321973e-01
 2.970000e+02  4.103710e-01  2.021698e-01 -1.727048e-01  5.513415e-01
 2.980000e+02  2.136262e-01  2.558208e-01 -3.317224e-01  5.592246e-01
 2.990000e+02  1.223627e-02  2.589388e-01 -4.834170e-01  5.575839e-01
 3.000000e+02 -2.083415e-01  1.885019e-01 -6.445456e-01  5.484071e-01
 3.010000e+02 -4.430052e-01  4.323699e-02 -8.153183e-01  5.334389e-01
 3.020000e+02 -6.778436e-01 -1.449789e-01 -9.823854e-01  5.147849e-01
 3.030000e+02 -9.044987e-01 -3.189153e-01 -1.135966e+00  4.955480e-01
 3.040000e+02 -1.122769e+00 -4.156513e-01 -1.274857e+00  4.754521e-01
 3.050000e+02 -1.332106e+00 -4.007239e-01 -1.402172e+00  4.518197e-01
 3.060000e+02 -1.528985e+00 -2.867860e-01 -1.519324e+00  4.245989e-01
 3.070000e+02 -1.705727e+00 -1.269098e-01 -1.623579e+00  3.979478e-01
 3.080000e+02 -1.859949e+00  1.138127e-02 -1.711572e+00  3.730536e-01
 3.090000e+02 -1.992673e+00  7.678579e-02 -1.780758e+00  3.463239e-01
 3.100000e+02 -2.106764e+00  5.144335e-02 -1.830578e+00  3.141054e-01
 3.110000e+02 -2.197183e+00 -4.065217e-02 -1.857069e+00  2.772975e-01
 3.120000e+02 -2.266538e+00 -1.532342e-01 -1.863389e+00  2.391594e-01
 3.130000e+02 -2.321292e+00 -2.447464e-01 -1.856399e+00  2.017993e-01
 3.140000e+02 -2.363147e+00 -3.031906e-01 -1.841719e+00  1.664293e-01
 3.150000e+02 -2.372227e+00 -3.415211e-01 -1.809885e+00  1.366001e-01
 3.160000e+02 -2.330334e+00 -3.802498e-01 -1.748153e+00  1.155998e-01
 3.170000e+02 -2.240154e+00 -4.271618e-01 -1.652423e+00  1.025385e-01
 3.180000e+02 -2.124243e+00 -4.780986e-01 -1.535329e+00  9.307376e-02
 3.190000e+02 -1.996976e+00 -5.236120e-01 -1.409929e+00  8.483427e-02
 3.200000e+02 -1.854365e+00 -5.547302e-01 -1.279888e+00  8.104697e-02
 3.210000e+02 -1.678175e+00 -5.648259e-01 -1.136577e+00  8.821341e-02
 3.220000e+02 -1.465041e+00 -5.439721e-01 -9.763186e-01  1.071176e-01
 3.230000e+02 -1.234642e+00 -4.800761e-01 -8.083417e-01  1.305363e-01
 3.240000e+02 -1.003817e+00 -3.667453e-01 -6.420872e-01  1.522156e-01
 3.250000e+02 -7.702984e-01 -2.132043e-01 -4.775007e-01  1.745877e-01
 3.260000e+02 -5.246225e-01 -4.295023e-02 -3.092399e-01  2.024808e-01
 3.270000e+02 -2.712179e-01  1.153382e-01 -1.403591e-01  2.346482e-01
 3.280000e+02 -1.361726e-02  2.390509e-01  2.682012e-02  2.654335e-01
 3.290000e+02  2.542426e-01  3.172060e-01  1.968470e-01  2.910257e-01
 3.300000e+02  5.383625e-01  3.526009e-01  3.758432e-01  3.115957e-01
 3.310000e+02  8.198505e-01  3.522720e-01  5.545372e-01  3.273115e-01
 3.320000e+02  1.080006e+00  3.279970e-01  7.237129e-01  3.370842e-01
 3.330000e+02  1.318290e+00  2.964700e-01  8.841829e-01  3.392629e-01
 3.340000e+02  1.553844e+00  2.755216e-01  1.045403e+00  3.364188e-01
 3.350000e+02  1.791642e+00  2.724407e-01  1.206209e+00  3.327840e-01
 3.360000e+02  2.018020e+00  2.819982e-01  1.356468e+00  3.284361e-01
 3.370000e+02  2.210911e+00  2.973291e-01  1.485904e+00  3.183357e-01
 3.380000e+02  2.366538e+00  3.197616e-01  1.595876e+00  2.989682e-01
 3.390000e+02  2.501747e+00  3.582945e-01  1.697631e+00  2.723033e-01
 3.400000e+02  2.634969e+00  4.158516e-01  1.796888e+00  2.442483e-01
 3.410000e+02  2.771334e+00  4.806580e-01  1.891252e+00  2.193709e-01
 3.420000e+02  2.902109e+00  5.307147e-01  1.974054e+00  1.974512e-01
 3.430000e+02  3.017468e+00  5.503202e-01  2.043394e+00  1.751797e-01
 3.440000e+02  3.109311e+00  5.363928e-01  2.097172e+00  1.509975e-01
 3.450000e+02  3.170820e+00  4.939528e-01  2.131203e+00  1.262158e-01
 3.460000e+02  3.201149e+00  4.302487e-01  2.141381e+00  1.058926e-01
 3.470000e+02  3.208439e+00  3.558382e-01  2.130060e+00  9.600398e-02
 3.480000e+02  3.194340e+00  2.871355e-01  2.098984e+00  9.655064e-02
 3.490000e+02  3.154663e+00  2.449647e-01  2.049295e+00  1.020522e-01
 3.500000e+02  3.086343e+00  2.495061e-01  1.982078e+00  1.060288e-01
 3.510000e+02  2.991076e+00  3.057197e-01  1.899857e+00  1.061482e-01
 3.520000e+02  2.869624e+00  3.952825e-01  1.803844e+00  1.027895e-01
 3.530000e+02  2.719128e+00  4.745765e-01  1.693093e+00  9.646987e-02
 3.540000e+02  2.532811e+00  4.976968e-01  1.563609e+00  8.477780e-02
 3.550000e+02  2.313023e+00  4.402790e-01  1.415207e+00  6.676842e-02
 3.560000e+02  2.069993e+00  3.159257e-01  1.252312e+00  4.466632e-02
 3.570000e+02  1.817554e+00  1.639542e-01  1.081976e+00  2.289995e-02
 3.580000e+02  1.556539e+00  2.741094e-02  9.042239e-01  3.143069e-03
 3.590000e+02  1.281966e+00 -6.331919e-02  7.154343e-01 -1.568596e-02
 3.600000e+02  9.913720e-01 -1.007883e-01  5.122431e-01 -3.295880e-02
 3.610000e+02  6.943887e-01 -9.468280e-02  2.994247e-01 -4.510354e-02
 3.620000e+02  4.011365e-01 -6.373014e-02  8.507953e-02 -5.052706e-02
 3.630000e+02  1.167114e-01 -2.728678e-02 -1.251815e-01 -5.176650e-02
 3.640000e+02 -1.574249e-01 -1.117165e-02 -3.286590e-01 -5.269615e-02
 3.650000e+02 -4.114822e-01 -4.438074e-02 -5.198518e-01 -5.319743e-02
 3.660000e+02 -6.392079e-01 -1.472623e-01 -6.958600e-01 -5.032173e-02
 3.670000e+02 -8.495999e-01 -3.161496e-01 -8.631607e-01 -4.135318e-02
 3.680000e+02 -1.054451e+00 -5.228851e-01 -1.027720e+00 -2.805755e-02
 3.690000e+02 -1.244162e+00 -7.237390e-01 -1.181944e+00 -1.248912e-02
 3.700000e+02 -1.393707e+00 -8.745905e-01 -1.307682e+00  3.164138e-03
 3.710000e+02 -1.487781e+00 -9.462811e-01 -1.393335e+00  1.898818e-02
 3.720000e+02 -1.535297e+00 -9.381641e-01 -1.442484e+00  3.415812e-02
 3.730000e+02 -1.556691e+00 -8.735569e-01 -1.467442e+00  4.783446e-02
 3.740000e+02 -1.565455e+00 -7.826478e-01 -1.477449e+00  5.802410e-02
 3.750000e+02 -1.559552e+00 -6.873698e-01 -1.472933e+00  6.609816e-02
 3.760000e+02 -1.525721e+00 -5.912162e-01 -1.446578e+00  7.462417e-02
 3.770000e+02 -1.458626e+00 -4.849851e-01 -1.395247e+00  8.582226e-02
 3.780000e+02 -1.363049e+00 -3.577636e-01 -1.323085e+00  9.997772e-02
 3.790000e+02 -1.259814e+00 -2.071853e-01 -1.245394e+00  1.154829e-01
 3.800000e+02 -1.159577e+00 -4.350343e-02 -1.170281e+00  1.293795e-01
 3.810000e+02 -1.052661e+00  1.159064e-01 -1.089326e+00  1.399345e-01
 3.820000e+02 -9.137662e-01  2.520604e-01 -9.829031e-01  1.486856e-01
 3.830000e+02 -7.303320e-01  3.575710e-01 -8.429888e-01  1.591207e-01
 3.840000e+02 -5.115043e-01  4.363551e-01 -6.800601e-01  1.735776e-01
 3.850000e+02 -2.808009e-01  4.928544e-01 -5.140341e-01  1.916522e-01
 3.860000e+02 -4.715908e-02  5.212044e-01 -3.514370e-01  2.133123e-01
 3.870000e+02  1.966691e-01  5.035446e-01 -1.852689e-01  2.396798e-01
 3.880000e+02  4.640108e-01  4.220074e-01 -5.520288e-03  2.734278e-01
 3.890000e+02  7.524129e-01  2.724837e-01  1.858192e-01  3.163050e-01
 3.900000e+02  1.053202e+00  7.711234e-02  3.838961e-01  3.687998e-01
 3.910000e+02  1.357045e+00 -1.192842e-01  5.844911e-01  4.283879e-01
 3.920000e+02  1.656137e+00 -2.641525e-01  7.834716e-01  4.913399e-01
 3.930000e+02  1.943466e+00 -3.151959e-01  9.753191e-01  5.542762e-01
 3.940000e+02  2.225806e+00 -2.554795e-01  1.163742e+00  6.166600e-01
 3.950000e+02  2.511745e+00 -9.722945e-02  1.354688e+00  6.782823e-01
 3.960000e+02  2.800839e+00  1.170690e-01  1.549735e+00  7.385219e-01
 3.970000e+02  3.080588e+00  3.325195e-01  1.741332e+00  7.973816e-01
 3.980000e+02  3.330974e+00  5.025033e-01  1.913190e+00  8.578061e-01
 3.990000e+02  3.534247e+00  6.064321e-01  2.050820e+00  9.211445e-01
 4.000000e+02  3.691110e+00  6.521132e-01  2.154088e+00  9.872162e-01
 4.010000e+02  3.828114e+00  6.640499e-01  2.244329e+00  1.053342e+00
 4.020000e+02  3.972159e+00  6.730872e-01  2.341736e+00  1.119096e+00
 4.030000e+02  4.123446e+00  7.024200e-01  2.445529e+00  1.187037e+00
 4.040000e+02  4.257507e+00  7.606380e-01  2.534247e+00  1.260120e+00
 4.050000e+02  4.352307e+00  8.413584e-01  2.591738e+00  1.335600e+00
 4.060000e+02  4.409775e+00  9.282908e-01  2.622997e+00  1.407733e+00
 4.070000e+02  4.445988e+00  1.002858e+00  2.643400e+00  1.472990e+00
 4.080000e+02  4.476428e+00  1.049742e+00  2.662739e+00  1.533766e+00
 4.090000e+02  4.492536e+00  1.057474e+00  2.671548e+00  1.592625e+00
 4.100000e+02  4.475133e+00  1.021689e+00  2.654295e+00  1.650000e+00
 4.110000e+02  4.412984e+00  9.443925e-01  2.606507e+00  1.703108e+00
 4.120000e+02  4.319394e+00  8.307216e-01  2.542533e+00  1.749538e+00
 4.130000e+02  4.213039e+00  6.871610e-01  2.476065e+00  1.788561e+00
 4.140000e+02  4.109944e+00  5.201135e-01  2.414157e+00  1.822118e+00
 4.150000e+02  4.017866e+00  3.430650e-01  2.359467e+00  1.851003e+00
 4.160000e+02  3.935950e+00  1.823535e-01  2.314053e+00  1.872429e+00
 4.170000e+02  3.853958e+00  7.699296e-02  2.274680e+00  1.884204e+00
 4.180000e+02  3.765386e+00  6.081055e-02  2.236183e+00  1.889616e+00
 4.190000e+02  3.673291e+00  1.409784e-01  2.195927e+00  1.894963e+00
 4.200000e+02  3.582521e+00  2.942749e-01  2.155046e+00  1.902052e+00
 4.210000e+02  3.490906e+00  4.794197e-01  2.114885e+00  1.906644e+00
 4.220000e+02  3.392829e+00  6.495607e-01  2.073072e+00  1.904247e+00
 4.230000e+02  3.290838e+00  7.656020e-01  2.026261e+00  1.897054e+00
 4.240000e+02  3.194031e+00  8.025691e-01  1.973981e+00  1.889290e+00
 4.250000e+02  3.111291e+00  7.613096e-01  1.921928e+00  1.882072e+00
 4.260000e+02  3.039723e+00  6.703127e-01  1.875205e+00  1.871417e+00
 4.270000e+02  2.972240e+00  5.723236e-01  1.833951e+00  1.855801e+00
 4.280000e+02  2.903648e+00  5.013563e-01  1.791532e+00  1.837976e+00
 4.290000e+02  2.845459e+00  4.617243e-01  1.750198e+00  1.823321e+00
 4.300000e+02  2.803148e+00  4.330598e-01  1.713460e+00  1.814052e+00
 4.310000e+02  2.770801e+00  3.874386e-01  1.680449e+00  1.807937e+00
 4.320000e+02  2.735880e+00  3.170285e-01  1.644374e+00  1.802332e+00
 4.330000e+02  2.703585e+00  2.408224e-01  1.607113e+00  1.798647e+00
 4.340000e+02  2.684751e+00  1.908853e-01  1.575636e+00  1.797663e+00
 4.350000e+02  2.684502e+00  1.836343e-01  1.554656e+00  1.795973e+00
 4.360000e+02  2.694288e+00  2.055375e-01  1.538819e+00  1.787896e+00
 4.370000e+02  2.703550e+00  2.187064e-01  1.520206e+00  1.770912e+00
 4.380000e+02  2.712237e+00  1.835101e-01  1.498671e+00  1.748588e+00
 4.390000e+02  2.729511e+00  7.864069e-02  1.482028e+00  1.726618e+00
 4.400000e+02  2.752521e+00 -8.665882e-02  1.470629e+00  1.705637e+00
 4.410000e+02  2.763414e+00 -2.789846e-01  1.452568e+00  1.681105e+00
 4.420000e+02  2.763643e+00 -4.560679e-01  1.426716e+00  1.651229e+00
 4.430000e+02  2.776970e+00 -5.847978e-01  1.409709e+00  1.619707e+00
 4.440000e+02  2.819838e+00 -6.530714e-01  1.416899e+00  1.589234e+00
 4.450000e+02  2.879540e+00 -6.668780e-01  1.443630e+00  1.556287e+00
 4.460000e+02  2.935696e+00 -6.424874e-01  1.475938e+00  1.516205e+00
 4.470000e+02  2.992195e+00 -5.941011e-01  1.514208e+00  1.470630e+00
 4.480000e+02  3.067228e+00 -5.303720e-01  1.569276e+00  1.424042e+00
 4.490000e+02  3.162034e+00 -4.527760e-01  1.641984e+00  1.376987e+00
 4.500000e+02  3.251485e+00 -3.553770e-01  1.715457e+00  1.324866e+00
 4.510000e+02  3.309951e+00 -2.287921e-01  1.772796e+00  1.264557e+00
 4.520000e+02  3.336449e+00 -7.135721e-02  1.814265e+00  1.198134e+00
 4.530000e+02  3.351208e+00  1.080977e-01  1.853722e+00  1.129484e+00
 4.540000e+02  3.372190e+00  2.876696e-01  1.901584e+00  1.058463e+00
 4.550000e+02  3.403795e+00  4.443513e-01  1.956203e+00  9.821856e-01
 4.560000e+02  3.446249e+00  5.590062e-01  2.017320e+00  8.988795e-01
 4.570000e+02  3.500871e+00  6.235372e-01  2.092260e+00  8.095784e-01
 4.580000e+02  3.563242e+00  6.429279e-01  2.186000e+00  7.154991e-01
 4.590000e+02  3.619708e+00  6.372326e-01  2.288134e+00  6.185299e-01
 4.600000e+02  3.663061e+00  6.424488e-01  2.383588e+00  5.214748e-01
 4.610000e+02  3.696942e+00  6.929291e-01  2.464863e+00  4.282521e-01
 4.620000e+02  3.724226e+00  8.037882e-01  2.534034e+00  3.391921e-01
 4.630000e+02  3.733480e+00  9.553777e-01  2.589285e+00  2.504261e-01
 4.640000e+02  3.716738e+00  1.099438e+00  2.629511e+00  1.575523e-01
 4.650000e+02  3.676824e+00  1.180734e+00  2.655601e+00  6.049469e-02
 4.660000e+02  3.630167e+00  1.162803e+00  2.675613e+00 -3.643086e-02
 4.670000e+02  3.585399e+00  1.047989e+00  2.690280e+00 -1.276531e-01
 4.680000e+02  3.540119e+00  8.754483e-01  2.693364e+00 -2.101740e-01
 4.690000e+02  3.482089e+00  6.991923e-01  2.677066e+00 -2.862917e-01
 4.700000e+02  3.406428e+00  5.553219e-01  2.644541e+00 -3.590847e-01
 4.710000e+02  3.316331e+00  4.463229e-01  2.605480e+00 -4.288828e-01
 4.720000e+02  3.208094e+00  3.542874e-01  2.560809e+00 -4.934975e-01
 4.730000e+02  3.071105e+00  2.643326e-01  2.499225e+00 -5.523828e-01
 4.740000e+02  2.899239e+00  1.747828e-01  2.408877e+00 -6.070534e-01
 4.750000e+02  2.705204e+00  9.512216e-02  2.295300e+00 -6.595075e-01
 4.760000e+02  2.508091e+00  3.320369e-02  2.175488e+00 -7.114182e-01
 4.770000e+02  2.319183e+00 -9.648877e-03  2.064211e+00 -7.648042e-01
 4.780000e+02  2.129288e+00 -3.976855e-02  1.959819e+00 -8.211423e-01
 4.790000e+02  1.921708e+00 -6.067983e-02  1.849348e+00 -8.789770e-01
 4.800000e+02  1.686945e+00 -6.751268e-02  1.720991e+00 -9.346433e-01
 4.810000e+02  1.431404e+00 -5.088939e-02  1.572459e+00 -9.840071e-01
 4.820000e+02  1.161184e+00 -1.286976e-02  1.404442e+00 -1.027477e+00
 4.830000e+02  8.731156e-01  2.500574e-02  1.215868e+00 -1.068853e+00
 4.840000e+02  5.676186e-01  3.350506e-02  1.013912e+00 -1.112484e+00
 4.850000e+02  2.533146e-01 -9.026722e-03  8.114789e-01 -1.158344e+00
 4.860000e+02 -6.892385e-02 -1.080780e-01  6.116727e-01 -1.203932e+00
 4.870000e+02 -4.126639e-01 -2.596880e-01  4.000551e-01 -1.246141e+00
 4.880000e+02 -7.786641e-01 -4.560531e-01  1.703671e-01 -1.283966e+00
 4.890000e+02 -1.145783e+00 -6.816405e-01 -6.590146e-02 -1.316400e+00
 4.900000e+02 -1.489956e+00 -9.065676e-01 -2.888460e-01 -1.343071e+00
 4.910000e+02 -1.818383e+00 -1.082385e+00 -4.979863e-01 -1.364701e+00
 4.920000e+02 -2.157697e+00 -1.164609e+00 -7.076902e-01 -1.384242e+00
 4.930000e+02 -2.526011e+00 -1.136879e+00 -9.319484e-01 -1.404467e+00
 4.940000e+02 -2.907715e+00 -1.025801e+00 -1.164776e+00 -1.425390e+00
 4.950000e+02 -3.263798e+00 -8.830224e-01 -1.385706e+00 -1.443068e+00
 4.960000e+02 -3.553020e+00 -7.510240e-01 -1.569153e+00 -1.453001e+00
 4.970000e+02 -3.765537e+00 -6.408080e-01 -1.705964e+00 -1.453603e+00
 4.980000e+02 -3.931196e+00 -5.354663e-01 -1.810466e+00 -1.447858e+00
 4.990000e+02 -4.091062e+00 -4.169111e-01 -1.907902e+00 -1.438085e+00
 5.000000e+02 -4.258573e+00 -2.805121e-01 -2.010097e+00 -1.423807e+00
 5.010000e+02 -4.417460e+00 -1.369787e-01 -2.112048e+00 -1.403388e+00
 5.020000e+02 -4.551874e+00 -4.307399e-03 -2.207493e+00 -1.377754e+00
 5.030000e+02 -4.662154e+00  9.357017e-02 -2.297410e+00 -1.349657e+00
 5.040000e+02 -4.762274e+00  1.366527e-01 -2.387661e+00 -1.320817e+00
 5.050000e+02 -4.864893e+00  1.175415e-01 -2.482542e+00 -1.290420e+00
 5.060000e+02 -4.980905e+00  4.589666e-02 -2.587888e+00 -1.257745e+00
 5.070000e+02 -5.112642e+00 -5.638956e-02 -2.708568e+00 -1.222904e+00
 5.080000e+02 -5.251651e+00 -1.669615e-01 -2.844665e+00 -1.184431e+00
 5.090000e+02 -5.375049e+00 -2.774182e-01 -2.982304e+00 -1.139646e+00
 5.100000e+02 -5.465131e+00 -3.926813e-01 -3.104533e+00 -1.087297e+00
 5.110000e+02 -5.523101e+00 -5.216299e-01 -3.205901e+00 -1.029821e+00
 5.120000e+02 -5.575230e+00 -6.613314e-01 -3.300969e+00 -9.728685e-01
 5.130000e+02 -5.639029e+00 -7.997874e-01 -3.403163e+00 -9.190725e-01
 5.140000e+02 -5.704444e+00 -9.211425e-01 -3.509311e+00 -8.659967e-01
 5.150000e+02 -5.740124e+00 -1.015134e+00 -3.599489e+00 -8.097503e-01
 5.160000e+02 -5.730143e+00 -1.081423e+00 -3.660638e+00 -7.509642e-01
 5.170000e+02 -5.689864e+00 -1.120901e+00 -3.698233e+00 -6.933167e-01
 5.180000e+02 -5.647071e+00 -1.129500e+00 -3.728267e+00 -6.380694e-01
 5.190000e+02 -5.610803e+00 -1.096620e+00 -3.757573e+00 -5.831769e-01
 5.200000e+02 -5.566683e+00 -1.017727e+00 -3.780126e+00 -5.279578e-01
 5.210000e+02 -5.510937e+00 -9.018095e-01 -3.796308e+00 -4.745436e-01
 5.220000e+02 -5.455689e+00 -7.763693e-01 -3.814203e+00 -4.254810e-01
 5.230000e+02 -5.408728e+00 -6.783495e-01 -3.834954e+00 -3.811277e-01
 5.240000e+02 -5.352537e+00 -6.383781e-01 -3.841664e+00 -3.421188e-01
 5.250000e+02 -5.273362e+00 -6.620407e-01 -3.822730e+00 -3.098926e-01
 5.260000e+02 -5.180517e+00 -7.245133e-01 -3.786731e+00 -2.856089e-01
 5.270000e+02 -5.107981e+00 -7.833924e-01 -3.760873e+00 -2.693292e-01
 5.280000e+02 -5.073157e+00 -8.047361e-01 -3.758998e+00 -2.589413e-01
 5.290000e+02 -5.064259e+00 -7.804913e-01 -3.771482e+00 -2.522099e-01
 5.300000e+02 -5.060798e+00 -7.234573e-01 -3.781033e+00 -2.496691e-01
 5.310000e+02 -5.056661e+00 -6.500866e-01 -3.781207e+00 -2.556737e-01
 5.320000e+02 -5.051459e+00 -5.683407e-01 -3.771471e+00 -2.714167e-01
 5.330000e+02 -5.047087e+00 -4.772791e-01 -3.754138e+00 -2.941306e-01
 5.340000e+02 -5.041949e+00 -3.764994e-01 -3.732154e+00 -3.180497e-01
 5.350000e+02 -5.032739e+00 -2.784968e-01 -3.706775e+00 -3.409948e-01
 5.360000e+02 -5.009914e+00 -2.098414e-01 -3.670401e+00 -3.647464e-01
 5.370000e+02 -4.968226e+00 -2.011618e-01 -3.613591e+00 -3.933765e-01
 5.380000e+02 -4.901216e+00 -2.692921e-01 -3.529904e+00 -4.260798e-01
 5.390000e+02 -4.808726e+00 -4.044136e-01 -3.424480e+00 -4.580559e-01
 5.400000e+02 -4.693785e+00 -5.690139e-01 -3.308534e+00 -4.851573e-01
 5.410000e+02 -4.554774e+00 -7.091588e-01 -3.184783e+00 -5.071569e-01
 5.420000e+02 -4.376725e+00 -7.785768e-01 -3.038740e+00 -5.264124e-01
 5.430000e+02 -4.147667e+00 -7.575411e-01 -2.853668e+00 -5.460128e-01
 5.440000e+02 -3.872791e+00 -6.598413e-01 -2.630106e+00 -5.667922e-01
 5.450000e+02 -3.576839e+00 -5.212213e-01 -2.387743e+00 -5.881651e-01
 5.460000e+02 -3.282592e+00 -3.805129e-01 -2.148317e+00 -6.082066e-01
 5.470000e+02 -3.001396e+00 -2.644561e-01 -1.923972e+00 -6.241891e-01
 5.480000e+02 -2.736059e+00 -1.822053e-01 -1.716620e+00 -6.361582e-01
 5.490000e+02 -2.484315e+00 -1.336671e-01 -1.520413e+00 -6.468862e-01
 5.500000e+02 -2.234913e+00 -1.140564e-01 -1.323113e+00 -6.598651e-01
 5.510000e+02 -1.971630e+00 -1.147455e-01 -1.114232e+00 -6.747463e-01
 5.520000e+02 -1.696068e+00 -1.212491e-01 -9.005562e-01 -6.870346e-01
 5.530000e+02 -1.424458e+00 -1.158767e-01 -6.979341e-01 -6.916606e-01
 5.540000e+02 -1.167609e+00 -8.410176e-02 -5.151319e-01 -6.873091e-01
 5.550000e+02 -9.160130e-01 -1.419024e-02 -3.429949e-01 -6.782098e-01
 5.560000e+02 -6.523423e-01  9.712771e-02 -1.635448e-01 -6.704942e-01
 5.570000e+02 -3.746683e-01  2.382897e-01  2.887040e-02 -6.663629e-01
 5.580000e+02 -1.028891e-01  3.832039e-01  2.181504e-01 -6.621629e-01
 5.590000e+02  1.443135e-01  5.006876e-01  3.832639e-01 -6.539569e-01
 5.600000e+02  3.677441e-01  5.701951e-01  5.198008e-01 -6.408512e-01
 5.610000e+02  5.797787e-01  5.875014e-01  6.384749e-01 -6.251231e-01
 5.620000e+02  7.830251e-01  5.639118e-01  7.481824e-01 -6.093572e-01
 5.630000e+02  9.713457e-01  5.127530e-01  8.498455e-01 -5.943653e-01
 5.640000e+02  1.140753e+00  4.462074e-01  9.424375e-01 -5.799950e-01
 5.650000e+02  1.294520e+00  3.770421e-01  1.025267e+00 -5.650734e-01
 5.660000e+02  1.433004e+00  3.214388e-01  1.093838e+00 -5.476612e-01
 5.670000e+02  1.544860e+00  2.910385e-01  1.138221e+00 -5.291149e-01
 5.680000e+02  1.602334e+00  2.874611e-01  1.143191e+00 -5.153767e-01
 5.690000e+02  1.590513e+00  3.043611e-01  1.105176e+00 -5.127047e-01
 5.700000e+02  1.525955e+00  3.366049e-01  1.038180e+00 -5.224995e-01
 5.710000e+02  1.443446e+00  3.888383e-01  9.624924e-01 -5.416360e-01
 5.720000e+02  1.354596e+00  4.691925e-01  8.815112e-01 -5.667039e-01
 5.730000e+02  1.236964e+00  5.789833e-01  7.797978e-01 -5.964318e-01
 5.740000e+02  1.061590e+00  7.001783e-01  6.427517e-01 -6.331819e-01
 5.750000e+02  8.219414e-01  7.998849e-01  4.687347e-01 -6.774139e-01
 5.760000e+02  5.345132e-01  8.408994e-01  2.665282e-01 -7.262224e-01
 5.770000e+02  2.237122e-01  7.968519e-01  4.815725e-02 -7.753026e-01
 5.780000e+02 -9.320299e-02  6.649815e-01 -1.759521e-01 -8.247524e-01
 5.790000e+02 -4.174065e-01  4.662009e-01 -4.064062e-01 -8.769012e-01
 5.800000e+02 -7.579203e-01  2.333115e-01 -6.497692e-01 -9.320924e-01
 5.810000e+02 -1.116670e+00 -5.357605e-03 -9.075587e-01 -9.864864e-01
 5.820000e+02 -1.479034e+00 -2.324849e-01 -1.167526e+00 -1.036062e+00
 5.830000e+02 -1.825761e+00 -4.367976e-01 -1.413162e+00 -1.080550e+00
 5.840000e+02 -2.134427e+00 -6.078903e-01 -1.627650e+00 -1.122230e+00
 5.850000e+02 -2.394655e+00 -7.339240e-01 -1.805897e+00 -1.163841e+00
 5.860000e+02 -2.611556e+00 -8.045934e-01 -1.953872e+00 -1.206079e+00
 5.870000e+02 -2.809750e+00 -8.115548e-01 -2.088234e+00 -1.247225e+00
 5.880000e+02 -3.010160e+00 -7.542692e-01 -2.219143e+00 -1.285256e+00
 5.890000e+02 -3.211523e+00 -6.464184e-01 -2.344422e+00 -1.318638e+00
 5.900000e+02 -3.387398e+00 -5.143146e-01 -2.450598e+00 -1.345255e+00
 5.910000e+02 -3.517587e+00 -3.877083e-01 -2.530940e+00 -1.364219e+00
 5.920000e+02 -3.607162e+00 -2.879697e-01 -2.590647e+00 -1.376993e+00
 5.930000e+02 -3.680733e+00 -2.234911e-01 -2.642645e+00 -1.385349e+00
 5.940000e+02 -3.749443e+00 -1.932545e-01 -2.691221e+00 -1.387231e+00
 5.950000e+02 -3.793344e+00 -1.875443e-01 -2.725320e+00 -1.376462e+00
 5.960000e+02 -3.782147e+00 -1.982622e-01 -2.728342e+00 -1.349000e+00
 5.970000e+02 -3.709841e+00 -2.204707e-01 -2.695939e+00 -1.308016e+00
 5.980000e+02 -3.591837e+00 -2.513466e-01 -2.636680e+00 -1.260233e+00
 5.990000e+02 -3.444392e+00 -2.837399e-01 -2.560174e+00 -1.211395e+00
 6.000000e+02 -3.269236e+00 -3.083367e-01 -2.466310e+00 -1.161568e+00
 6.010000e+02 -3.052711e+00 -3.175908e-01 -2.343092e+00 -1.104846e+00
 6.020000e+02 -2.777834e+00 -3.076764e-01 -2.177250e+00 -1.036623e+00
 6.030000e+02 -2.443251e+00 -2.770766e-01 -1.968117e+00 -9.580328e-01
 6.040000e+02 -2.072460e+00 -2.227578e-01 -1.735320e+00 -8.735852e-01
 6.050000e+02 -1.689962e+00 -1.360903e-01 -1.495334e+00 -7.889226e-01
 6.060000e+02 -1.306729e+00 -8.168642e-03 -1.250876e+00 -7.081997e-01
 6.070000e+02 -9.146753e-01  1.612009e-01 -9.902882e-01 -6.314751e-01
 6.080000e+02 -5.046481e-01  3.543615e-01 -7.071732e-01 -5.554629e-01
 6.090000e+02 -7.595206e-02  5.452380e-01 -4.059101e-01 -4.767371e-01
 6.100000e+02  3.489965e-01  7.041257e-01 -1.056344e-01 -3.978127e-01
 6.110000e+02  7.359866e-01  8.094475e-01  1.714811e-01 -3.259167e-01
 6.120000e+02  1.065893e+00  8.495248e-01  4.153532e-01 -2.668426e-01
 6.130000e+02  1.355629e+00  8.249734e-01  6.390085e-01 -2.202327e-01
 6.140000e+02  1.648896e+00  7.471786e-01  8.706729e-01 -1.797882e-01
 6.150000e+02  1.969577e+00  6.353381e-01  1.122940e+00 -1.402296e-01
 6.160000e+02  2.291320e+00  5.148845e-01  1.376440e+00 -1.031033e-01
 6.170000e+02  2.560017e+00  4.076223e-01  1.595702e+00 -7.433541e-02
 6.180000e+02  2.752226e+00  3.247715e-01  1.769500e+00 -6.017777e-02
 6.190000e+02  2.894369e+00  2.666653e-01  1.918346e+00 -6.172661e-02
 6.200000e+02  3.032679e+00  2.310697e-01  2.073011e+00 -7.501895e-02
 6.210000e+02  3.186747e+00  2.173455e-01  2.242979e+00 -9.387302e-02
 6.220000e+02  3.337014e+00  2.303773e-01  2.414042e+00 -1.159049e-01
 6.230000e+02  3.447833e+00  2.709808e-01  2.560858e+00 -1.429692e-01
 6.240000e+02  3.500727e+00  3.313532e-01  2.671830e+00 -1.790552e-01
 6.250000e+02  3.504807e+00  3.870114e-01  2.754789e+00 -2.275277e-01
 6.260000e+02  3.483363e+00  4.082192e-01  2.828864e+00 -2.894155e-01
 6.270000e+02  3.461405e+00  3.824020e-01  2.910635e+00 -3.605721e-01
 6.280000e+02  3.447192e+00  3.315703e-01  3.003264e+00 -4.340015e-01
 6.290000e+02  3.427626e+00  3.029609e-01  3.094473e+00 -5.057334e-01
 6.300000e+02  3.371088e+00  3.346985e-01  3.162787e+00 -5.804996e-01
 6.310000e+02  3.257703e+00  4.295815e-01  3.195598e+00 -6.655608e-01
 6.320000e+02  3.097036e+00  5.532847e-01  3.199285e+00 -7.626504e-01
 6.330000e+02  2.921506e+00  6.575227e-01  3.191611e+00 -8.629868e-01
 6.340000e+02  2.749717e+00  7.105456e-01  3.178488e+00 -9.563466e-01
 6.350000e+02  2.571629e+00  7.097846e-01  3.150637e+00 -1.040133e+00
 6.360000e+02  2.365675e+00  6.743157e-01  3.095984e+00 -1.119609e+00
 6.370000e+02  2.129375e+00  6.207976e-01  3.017333e+00 -1.199615e+00
 6.380000e+02  1.886660e+00  5.525137e-01  2.930799e+00 -1.278990e+00
 6.390000e+02  1.667099e+00  4.618322e-01  2.850864e+00 -1.350411e+00
 6.400000e+02  1.475159e+00  3.409178e-01  2.774170e+00 -1.408062e+00
 6.410000e+02  1.289312e+00  1.887162e-01  2.687410e+00 -1.453595e+00
 6.420000e+02  1.098808e+00  1.157620e-02  2.587752e+00 -1.491123e+00
 6.430000e+02  9.202473e-01 -1.787428e-01  2.490137e+00 -1.523007e+00
 6.440000e+02  7.805005e-01 -3.656095e-01  2.411316e+00 -1.549330e+00
 6.450000e+02  6.921421e-01 -5.269374e-01  2.357233e+00 -1.569246e+00
 6.460000e+02  6.464256e-01 -6.367527e-01  2.321029e+00 -1.580895e+00
 6.470000e+02  6.206298e-01 -6.758000e-01  2.289730e+00 -1.582483e+00
 6.480000e+02  5.927623e-01 -6.407510e-01  2.251267e+00 -1.572736e+00
 6.490000e+02  5.542289e-01 -5.509335e-01  2.201232e+00 -1.553400e+00
 6.500000e+02  5.172177e-01 -4.397303e-01  2.147889e+00 -1.528253e+00
 6.510000e+02  4.987547e-01 -3.428347e-01  2.101232e+00 -1.498551e+00
 6.520000e+02  5.072163e-01 -2.822750e-01  2.062161e+00 -1.458400e+00
 6.530000e+02  5.307286e-01 -2.598848e-01  2.018694e+00 -1.401369e+00
 6.540000e+02  5.470623e-01 -2.553531e-01  1.958430e+00 -1.330154e+00
 6.550000e+02  5.379476e-01 -2.381224e-01  1.875359e+00 -1.254564e+00
 6.560000e+02  5.147474e-01 -1.847459e-01  1.780340e+00 -1.179114e+00
 6.570000e+02  5.056849e-01 -9.643235e-02  1.691069e+00 -1.098709e+00
 6.580000e+02  5.277724e-01 -5.135297e-03  1.615091e+00 -1.005427e+00
 6.590000e+02  5.720061e-01  4.384697e-02  1.543401e+00 -8.968184e-01
 6.600000e+02  6.175975e-01  1.918206e-02  1.462495e+00 -7.773715e-01
 6.610000e+02  6.461338e-01 -7.660530e-02  1.364177e+00 -6.545353e-01
 6.620000e+02  6.503935e-01 -2.054569e-01  1.248116e+00 -5.329755e-01
 6.630000e+02  6.452813e-01 -3.134003e-01  1.125509e+00 -4.106146e-01
 6.640000e+02  6.574264e-01 -3.569399e-01  1.010699e+00 -2.799898e-01
 6.650000e+02  7.068283e-01 -3.230240e-01  9.120078e-01 -1.353012e-01
 6.660000e+02  7.883437e-01 -2.246918e-01  8.253766e-01  2.050760e-02
 6.670000e+02  8.803811e-01 -8.180065e-02  7.427117e-01  1.790244e-01
 6.680000e+02  9.597265e-01  9.382539e-02  6.576937e-01  3.331875e-01
 6.690000e+02  1.025414e+00  2.976532e-01  5.728671e-01  4.841025e-01
 6.700000e+02  1.098075e+00  5.112520e-01  4.976060e-01  6.361729e-01
 6.710000e+02  1.200526e+00  6.959043e-01  4.400581e-01  7.928467e-01
 6.720000e+02  1.332070e+00  8.048763e-01  3.987427e-01  9.522459e-01
 6.730000e+02  1.474231e+00  8.117162e-01  3.658630e-01  1.110209e+00
 6.740000e+02  1.611282e+00  7.303560e-01  3.350337e-01  1.263376e+00
 6.750000e+02  1.741564e+00  6.065202e-01  3.051904e-01  1.411075e+00
 6.760000e+02  1.867784e+00  4.927298e-01  2.771027e-01  1.553722e+00
 6.770000e+02  1.995158e+00  4.152075e-01  2.538076e-01  1.693676e+00
 6.780000e+02  2.128493e+00  3.717817e-01  2.400762e-01  1.831552e+00
 6.790000e+02  2.265004e+00  3.425559e-01  2.347901e-01  1.966161e+00
 6.800000e+02  2.392268e+00  3.113619e-01  2.280601e-01  2.093665e+00
 6.810000e+02  2.500210e+00  2.756091e-01  2.130437e-01  2.210770e+00
 6.820000e+02  2.598335e+00  2.462855e-01  1.988387e-01  2.316304e+00
 6.830000e+02  2.709660e+00  2.397049e-01  2.026164e-01  2.414220e+00
 6.840000e+02  2.850199e+00  2.702229e-01  2.324805e-01  2.508626e+00
 6.850000e+02  3.016415e+00  3.414014e-01  2.841947e-01  2.599456e+00
 6.860000e+02  3.195046e+00  4.440139e-01  3.510542e-01  2.682113e+00
 6.870000e+02  3.379222e+00  5.514197e-01  4.327645e-01  2.753365e+00
 6.880000e+02  3.573155e+00  6.270275e-01  5.315256e-01  2.814374e+00
 6.890000e+02  3.789775e+00  6.396287e-01  6.530032e-01  2.866692e+00
 6.900000e+02  4.030223e+00  5.798881e-01  7.977415e-01  2.906322e+00
 6.910000e+02  4.279606e+00  4.678745e-01  9.599840e-01  2.928793e+00
 6.920000e+02  4.517866e+00  3.401606e-01  1.128571e+00  2.934720e+00
 6.930000e+02  4.738236e+00  2.296601e-01  1.296477e+00  2.929185e+00
 6.940000e+02  4.941529e+00  1.541222e-01  1.457552e+00  2.916158e+00
 6.950000e+02  5.135997e+00  1.175953e-01  1.614937e+00  2.895382e+00
 6.960000e+02  5.328677e+00  1.174257e-01  1.775501e+00  2.865034e+00
 6.970000e+02  5.515680e+00  1.446944e-01  1.938527e+00  2.826022e+00
 6.980000e+02  5.681844e+00  1.840608e-01  2.091963e+00  2.781817e+00
 6.990000e+02  5.812263e+00  2.224315e-01  2.222956e+00  2.733382e+00
 7.000000e+02  5.903077e+00  2.600826e-01  2.327085e+00  2.678924e+00
